scannedChannels,nodeID,channels,slots,scanPeriod,syncTime,cpuActiveTime,LPMTIme,DLPMTime,ASN,timeElapsedSinceReceptionSlotStartTime
18 16 24 17 15 26 21 17 13 20 12 15 16 24 15 24 ,7,16,101,1.587596,24.264953,0.505371,23.759582,0.000000,82012,0.003875
12 15 16 ,7,16,101,1.587596,3.601837,0.089477,3.512329,0.000000,82416,0.009307
22 22 18 16 26 18 16 24 14 20 25 19 23 18 21 17 22 21 15 19 20 20 25 24 11 15 16 26 13 25 26 21 11 17 13 20 23 ,7,16,101,1.587596,58.563995,1.341033,57.222991,0.000000,88274,0.007843
23 18 17 22 18 19 12 15 24 11 17 18 24 14 20 25 16 19 25 26 13 23 21 17 13 12 17 22 21 11 14 12 14 12 11 17 21 11 15 26 22 21 11 14 25 19 12 11 14 12 15 14 23 22 21 11 14 25 26 22 13 20 25 ,7,16,101,1.587596,100.484649,2.307281,98.177368,0.000000,98374,0.008636
21 15 ,7,16,101,1.587596,2.570587,0.059600,2.510986,0.000000,98677,0.009887
16 19 20 25 26 13 20 20 23 13 25 16 19 23 18 16 20 12 11 17 18 16 24 14 12 14 12 17 ,7,16,101,1.587596,44.351867,0.997589,43.354278,0.000000,103121,0.007690
11 14 25 24 11 ,7,16,101,1.587596,7.672149,0.165039,7.507110,0.000000,103929,0.005859
14 20 25 19 12 11 15 24 11 14 25 26 18 16 26 21 11 15 ,7,16,101,1.587596,27.633117,0.658233,26.974884,0.000000,106757,0.007293
20 20 20 23 22 22 ,7,16,101,1.587596,9.367462,0.206329,9.161132,0.000000,107767,0.008941
14 23 22 22 21 14 12 14 23 18 24 ,7,16,101,1.587596,17.032318,0.395355,16.636962,0.000000,109484,0.003875
18 24 15 ,7,16,101,1.587596,4.656433,0.119812,4.536621,0.000000,109989,0.007843
23 16 19 12 11 11 17 22 18 19 12 17 21 17 22 21 11 11 14 23 13 20 25 26 13 25 26 21 11 14 14 23 22 18 24 17 13 12 17 13 12 ,7,16,101,1.587596,65.304992,1.465789,63.839233,0.000000,116554,0.006774
24 15 19 12 17 18 18 19 23 22 22 18 26 18 24 14 11 15 19 12 11 15 16 16 16 26 13 12 17 22 13 20 20 ,7,16,101,1.587596,51.720123,1.206420,50.513702,0.000000,121806,0.003875
11 20 23 ,7,16,101,1.587596,3.945587,0.083251,3.862335,0.000000,122210,0.009704
16 26 18 26 22 21 ,7,16,101,1.587596,9.054962,0.188079,8.866882,0.000000,123119,0.005676
23 18 26 21 15 24 14 25 24 15 19 12 12 11 17 22 13 25 16 24 15 26 18 ,7,16,101,1.587596,35.375305,0.819061,34.556243,0.000000,126755,0.005340
11 11 11 11 14 12 14 20 12 20 20 25 19 23 18 16 16 16 26 13 12 14 25 19 20 23 13 25 16 21 17 18 26 18 26 13 25 26 21 14 20 12 14 25 26 22 12 ,7,16,101,1.587596,75.117523,1.707427,73.410064,0.000000,134330,0.005889
11 17 13 12 15 19 20 25 19 25 19 20 20 24 17 13 23 22 18 19 20 12 15 22 21 17 13 23 13 23 21 17 22 22 21 15 16 26 21 11 15 16 24 20 12 15 24 17 13 ,7,16,101,1.587596,77.023742,1.765625,75.258148,0.000000,142107,0.009887
18 26 22 21 23 21 15 24 ,7,16,101,1.587596,12.750274,0.304229,12.446044,0.000000,143420,0.005004
16 24 11 17 21 ,7,16,101,1.587596,6.484649,0.141937,6.342712,0.000000,144127,0.005371
19 20 ,7,16,101,1.587596,2.164337,0.058288,2.106048,0.000000,144430,0.006652
17 13 23 ,7,16,101,1.587596,3.226837,0.082275,3.144531,0.000000,144834,0.005676
14 23 21 17 13 25 16 19 20 25 24 ,7,16,101,1.587596,17.203399,0.429840,16.773559,0.000000,146652,0.005584
17 21 11 17 13 25 16 19 20 12 14 12 17 18 19 24 17 13 23 ,7,16,101,1.587596,29.470214,0.680419,28.789794,0.000000,149682,0.003875
20 12 14 25 19 12 15 19 25 26 18 19 23 21 14 23 13 25 26 13 23 ,7,16,101,1.587596,32.047851,0.726135,31.321716,0.000000,152914,0.003906
25 19 12 15 16 19 17 18 24 11 11 17 21 14 12 15 19 23 18 ,7,16,101,1.587596,29.157897,0.654693,28.503204,0.000000,155843,0.003875
12 15 19 23 18 16 ,7,16,101,1.587596,8.422149,0.215667,8.206481,0.000000,156752,0.006347
25 19 12 17 23 22 22 13 23 13 ,7,16,101,1.587596,14.500274,0.309875,14.190399,0.000000,158267,0.004852
22 21 11 15 13 25 16 24 ,7,16,101,1.587596,12.297149,0.311645,11.985504,0.000000,159580,0.007781
18 24 14 20 20 23 13 20 25 16 19 20 20 12 11 17 22 21 17 21 14 23 18 19 20 12 14 22 21 11 14 12 15 ,7,16,101,1.587596,52.781555,1.185180,51.596374,0.000000,164933,0.009429
13 23 22 22 21 15 19 23 18 19 20 25 19 23 22 18 17 18 19 23 13 23 22 22 21 11 15 16 16 26 18 19 12 16 24 14 23 18 19 20 20 23 18 26 13 25 19 23 18 24 15 ,7,16,101,1.587596,80.695678,1.850463,78.845184,0.000000,173013,0.006927
26 22 21 17 21 15 23 13 25 16 26 18 24 17 22 21 15 26 18 19 23 21 11 14 25 19 23 13 20 12 14 25 19 25 16 19 20 25 26 22 18 24 17 22 13 20 12 15 26 21 14 12 11 ,7,16,101,1.587596,84.102325,1.891326,82.210998,0.000000,181497,0.003875
25 16 19 20 20 23 22 18 26 ,7,16,101,1.587596,14.234649,0.360870,13.873779,0.000000,183012,0.009826
21 19 20 25 26 21 11 14 23 21 ,7,16,101,1.587596,14.672149,0.311706,14.360443,0.000000,184527,0.008361
22 13 20 12 17 13 20 11 15 ,7,16,101,1.587596,13.484680,0.337188,13.147460,0.000000,185941,0.009124
15 16 19 25 24 14 23 22 22 18 16 26 ,7,16,101,1.587596,18.890808,0.408721,18.482086,0.000000,187860,0.006774
20 20 ,7,16,101,1.587596,1.868957,0.049011,1.819915,0.000000,188062,0.003875
13 25 16 26 18 16 16 26 21 15 26 13 20 23 21 14 12 14 19 20 23 22 22 18 26 18 16 24 11 11 ,7,16,101,1.587596,46.609680,1.090148,45.519531,0.000000,192809,0.009338
15 26 21 14 23 18 26 13 12 14 20 23 18 16 16 24 15 26 13 23 22 13 23 ,7,16,101,1.587596,36.633117,0.830627,35.802490,0.000000,196546,0.006774
20 20 25 24 17 21 ,7,16,101,1.587596,8.876434,0.188781,8.687652,0.000000,197455,0.003906
25 16 24 17 21 14 23 17 18 19 23 13 25 19 ,7,16,101,1.587596,21.117553,0.499389,20.618133,0.000000,199576,0.003906
24 14 12 15 19 23 13 25 19 25 16 24 11 15 26 26 13 23 13 23 21 11 15 26 21 14 23 21 15 19 ,7,16,101,1.587596,47.781555,1.083282,46.698303,0.000000,204424,0.008575
21 14 20 12 14 20 25 26 ,7,16,101,1.587596,11.453399,0.282714,11.170684,0.000000,205636,0.005889
23 13 23 13 12 15 26 13 20 19 20 12 11 17 21 14 20 20 25 16 26 ,7,16,101,1.587596,32.307617,0.731475,31.576141,0.000000,208868,0.006439
16 19 25 24 15 24 11 15 19 20 23 13 20 25 20 12 15 16 24 14 23 21 11 14 ,7,16,101,1.587596,36.929992,0.831787,36.098205,0.000000,212605,0.003906
20 23 13 25 24 15 16 16 24 15 16 20 25 ,7,16,101,1.587596,20.258117,0.488067,19.770050,0.000000,214726,0.005035
17 21 14 12 17 21 17 18 24 ,7,16,101,1.587596,14.054962,0.297210,13.757751,0.000000,216140,0.005737
23 13 ,7,16,101,1.587596,2.281524,0.060272,2.221252,0.000000,216443,0.007019
12 17 13 25 19 15 26 22 ,7,16,101,1.587596,11.664306,0.291473,11.372863,0.000000,217655,0.004272
23 22 18 24 17 22 22 18 ,7,16,101,1.587596,12.000274,0.263793,11.736480,0.000000,218867,0.009368
25 19 23 22 21 20 23 22 18 19 20 23 ,7,16,101,1.587596,18.312683,0.437561,17.875152,0.000000,220786,0.007019
22 22 22 18 16 12 ,7,16,101,1.587596,8.023712,0.182495,7.841217,0.000000,221594,0.005249
20 23 22 22 21 14 23 18 16 ,7,16,101,1.587596,13.969024,0.302642,13.666412,0.000000,223008,0.005920
26 21 ,7,16,101,1.587596,2.781433,0.071044,2.710418,0.000000,223311,0.007171
11 11 14 20 23 ,7,16,101,1.587596,6.883087,0.172149,6.710937,0.000000,224018,0.007598
19 12 17 22 21 17 22 22 17 18 26 21 14 25 26 13 25 24 11 15 24 17 13 ,7,16,101,1.587596,36.672180,0.838287,35.833892,0.000000,227755,0.005035
19 12 ,7,16,101,1.587596,2.851837,0.061584,2.790283,0.000000,228058,0.006317
19 19 23 13 23 ,7,16,101,1.587596,7.211212,0.162475,7.048736,0.000000,228866,0.004516
24 14 12 17 13 25 19 23 13 25 26 18 24 14 25 16 26 13 25 16 19 16 24 11 11 11 17 22 22 21 15 16 19 20 12 ,7,16,101,1.587596,55.805023,1.287872,54.517120,0.000000,234522,0.007446
24 14 23 18 16 19 20 13 ,7,16,101,1.587596,12.329772,0.290527,12.039245,0.000000,235835,0.003875
18 19 20 25 16 24 15 16 26 21 11 14 20 20 20 25 26 21 11 14 20 20 23 22 22 21 15 17 18 19 12 15 ,7,16,101,1.587596,49.665374,1.135650,48.529724,0.000000,240885,0.003875
15 24 17 21 17 18 19 23 21 11 11 15 19 23 21 14 20 12 15 26 13 25 16 20 23 21 11 17 ,7,16,101,1.587596,43.570617,1.005004,42.565643,0.000000,245329,0.008514
12 14 25 16 26 18 19 ,7,16,101,1.587596,10.273712,0.254394,10.019317,0.000000,246440,0.008026
12 14 20 12 14 12 ,7,16,101,1.587596,9.359649,0.204681,9.154968,0.000000,247450,0.009643
22 25 24 15 19 25 24 15 19 20 25 19 12 15 24 14 12 17 21 11 15 16 24 11 12 15 19 23 21 15 ,7,16,101,1.587596,46.953460,1.092803,45.860626,0.000000,252197,0.008758
25 26 21 14 23 21 17 22 13 23 13 23 13 23 13 25 19 25 ,7,16,101,1.587596,28.570587,0.654846,27.915771,0.000000,255126,0.008026
23 13 24 14 20 20 20 20 20 20 12 15 26 22 18 24 11 17 22 ,7,16,101,1.587596,29.203399,0.659790,28.543640,0.000000,258055,0.007293
17 16 16 16 26 18 26 21 15 16 16 19 20 12 15 19 20 23 18 26 13 12 15 16 16 16 20 25 16 19 20 20 25 19 23 22 18 16 16 16 19 20 12 14 12 ,7,16,101,1.587596,71.698059,1.620483,70.077575,0.000000,265226,0.008850
23 25 16 16 26 21 17 18 19 20 25 19 12 11 17 21 11 14 23 22 22 22 13 25 24 11 15 20 12 15 ,7,16,101,1.587596,46.797180,1.066192,45.731018,0.000000,269973,0.007873
15 16 16 16 16 24 11 17 18 24 11 14 25 16 24 14 ,7,16,101,1.587596,24.103302,0.538818,23.564483,0.000000,272397,0.003875
18 16 16 17 13 12 17 18 26 22 21 14 25 16 26 21 17 21 17 22 22 13 12 14 12 11 15 24 15 26 22 21 11 14 23 21 15 19 12 14 20 20 20 25 17 13 20 25 16 19 ,7,16,101,1.587596,79.687835,1.823211,77.864624,0.000000,280376,0.009918
13 12 11 14 23 18 19 23 13 23 18 19 20 12 17 21 15 24 15 16 26 22 24 14 25 26 21 15 26 22 18 24 14 23 22 21 15 16 26 13 25 16 26 21 15 16 26 18 16 19 23 18 26 21 14 12 14 25 26 18 16 26 13 20 12 17 13 25 19 12 11 15 19 12 14 25 16 16 26 21 14 12 15 19 20 20 12 ,7,16,101,1.587596,138.797271,3.144561,135.652740,0.000000,294314,0.005920
11 15 24 22 21 11 11 11 17 13 20 23 22 21 17 21 14 12 14 12 14 23 18 19 ,7,16,101,1.587596,37.672180,0.876159,36.796020,0.000000,298152,0.009063
18 24 17 13 25 13 12 ,7,16,101,1.587596,9.641906,0.209045,9.432861,0.000000,299162,0.003906
11 11 ,7,16,101,1.587596,2.179962,0.057861,2.122100,0.000000,299465,0.004089
22 22 18 26 18 19 23 13 12 17 22 21 17 18 20 23 22 13 12 15 16 24 15 26 21 15 19 25 24 14 23 21 15 16 16 24 14 25 26 21 14 12 15 16 26 18 19 23 16 24 15 26 13 25 19 12 17 18 26 13 25 16 26 21 14 20 25 16 19 19 25 19 12 17 13 20 25 26 13 20 12 14 12 15 26 22 22 13 25 16 19 12 17 18 26 13 12 17 22 21 ,7,16,101,1.587596,158.883605,3.610626,155.272979,0.000000,315423,0.003875
21 11 14 23 13 12 15 19 12 17 22 22 21 15 26 21 15 16 ,7,16,101,1.587596,28.595184,0.654449,27.940734,0.000000,318352,0.003875
15 16 19 12 15 24 17 13 20 25 26 18 16 24 14 23 13 12 17 21 11 17 16 19 12 11 14 20 25 ,7,16,101,1.587596,46.000305,1.064666,44.935638,0.000000,322998,0.004058
24 15 ,7,16,101,1.587596,2.484649,0.059173,2.425476,0.000000,323301,0.005279
22 21 11 ,7,16,101,1.587596,3.492462,0.080993,3.411468,0.000000,323705,0.004364
12 11 14 ,7,16,101,1.587596,3.430358,0.080596,3.349761,0.000000,324109,0.003875
24 11 14 20 20 25 24 11 14 23 22 ,7,16,101,1.587596,17.243041,0.427642,16.815399,0.000000,325927,0.003875
20 25 ,7,16,101,1.587596,2.383087,0.058441,2.324645,0.000000,326230,0.004638
18 16 26 17 13 23 18 26 18 16 24 17 13 12 11 14 25 26 22 18 24 15 ,7,16,101,1.587596,34.515930,0.785858,33.730072,0.000000,329765,0.006408
14 20 12 17 22 21 15 26 13 20 25 16 24 11 11 11 14 25 26 21 11 17 22 18 ,7,16,101,1.587596,37.922210,0.860748,37.061431,0.000000,333603,0.009582
20 20 23 18 16 26 22 13 25 24 11 14 25 24 ,7,16,101,1.587596,20.977935,0.486938,20.490997,0.000000,335724,0.003875
14 23 21 15 24 15 24 14 12 17 18 26 22 18 26 18 19 23 21 14 20 25 ,7,16,101,1.587596,33.742492,0.767700,32.974792,0.000000,339158,0.006774
25 19 12 ,7,16,101,1.587596,3.812774,0.087493,3.725250,0.000000,339562,0.005828
25 24 15 25 16 19 12 14 12 15 26 22 13 12 15 16 11 15 24 11 11 11 11 17 22 21 14 25 16 ,7,16,101,1.587596,45.687805,1.069580,44.618225,0.000000,344208,0.007202
24 17 21 14 23 18 16 16 19 20 12 ,7,16,101,1.587596,17.406555,0.388183,17.018371,0.000000,346026,0.007019
15 24 21 11 15 19 23 22 21 17 13 20 25 24 14 20 12 15 24 14 12 17 18 19 25 16 19 23 22 21 15 16 24 15 19 25 19 25 ,7,16,101,1.587596,60.265930,1.370117,58.895843,0.000000,352086,0.008972
21 17 13 23 18 19 23 18 24 ,7,16,101,1.587596,13.304962,0.328399,12.976562,0.000000,353500,0.009765
12 26 22 13 25 26 18 24 15 26 18 26 18 26 13 23 22 21 14 12 11 11 21 15 19 12 11 11 17 21 17 13 12 11 14 23 13 25 16 19 12 14 23 13 26 ,7,16,101,1.587596,71.836273,1.618286,70.217987,0.000000,360772,0.009002
26 21 15 16 24 ,7,16,101,1.587596,7.914367,0.193572,7.720764,0.000000,361580,0.007232
14 12 11 11 21 11 11 11 11 15 16 16 24 17 22 13 20 23 13 25 24 17 16 ,7,16,101,1.587596,35.664337,0.828613,34.835754,0.000000,365216,0.006866
17 18 24 11 14 20 23 21 14 12 17 13 12 14 20 12 11 18 26 21 14 12 11 11 15 16 26 13 20 25 24 11 11 11 19 12 14 23 21 17 22 18 16 19 23 18 16 24 ,7,16,101,1.587596,75.883148,1.707031,74.176116,0.000000,372892,0.005187
11 11 17 13 25 24 15 24 11 17 22 21 17 21 17 18 16 19 ,7,16,101,1.587596,27.648742,0.639678,27.009033,0.000000,375720,0.006713
13 23 ,7,16,101,1.587596,1.867462,0.041503,1.825958,0.000000,375922,0.010162
14 13 20 12 15 ,7,16,101,1.587596,6.985809,0.167205,6.818572,0.000000,376629,0.003906
22 13 20 ,7,16,101,1.587596,4.351837,0.116363,4.235473,0.000000,377134,0.007446
17 21 14 12 11 17 21 17 22 18 26 21 14 23 22 22 22 12 14 12 15 26 21 15 19 25 19 23 18 16 16 24 19 12 17 ,7,16,101,1.587596,54.961242,1.241638,53.719635,0.000000,382689,0.004730
22 18 19 25 26 ,7,16,101,1.587596,6.758056,0.170471,6.587615,0.000000,383396,0.005065
26 21 17 21 14 12 11 15 ,7,16,101,1.587596,12.195587,0.276214,11.919372,0.000000,384709,0.007995
17 22 22 13 12 11 15 26 22 13 12 14 20 20 12 14 23 18 24 15 ,7,16,101,1.587596,31.773742,0.725128,31.048614,0.000000,387941,0.008544
14 25 24 14 25 19 23 22 13 ,7,16,101,1.587596,13.812774,0.328918,13.483886,0.000000,389355,0.009277
22 18 24 14 25 26 18 26 22 21 14 23 21 ,7,16,101,1.587596,19.828399,0.436126,19.392272,0.000000,391375,0.004730
23 22 18 26 22 13 12 11 14 23 13 17 13 12 17 18 26 13 ,7,16,101,1.587596,28.269226,0.643920,27.625305,0.000000,394203,0.006256
20 25 24 15 16 24 15 26 26 22 13 12 17 18 16 19 ,7,16,101,1.587596,25.039367,0.580566,24.458770,0.000000,396728,0.006378
21 17 21 14 25 19 12 14 20 25 26 20 12 17 13 25 26 13 25 26 13 12 14 12 11 18 26 22 18 19 ,7,16,101,1.587596,47.954071,1.100189,46.853881,0.000000,401576,0.003875
17 13 12 17 ,7,16,101,1.587596,4.906524,0.122528,4.783996,0.000000,402081,0.008056
13 12 14 12 11 14 25 26 13 25 16 26 22 21 ,7,16,101,1.587596,21.781524,0.483825,21.297729,0.000000,404303,0.006927
25 19 14 23 ,7,16,101,1.587596,6.062774,0.163116,5.899658,0.000000,405010,0.007354
22 13 23 13 20 25 24 11 11 15 26 13 12 17 16 24 14 20 23 13 23 18 16 24 15 ,7,16,101,1.587596,38.656555,0.873229,37.783325,0.000000,408949,0.008209
22 13 20 20 25 24 14 20 20 25 24 14 20 ,7,16,101,1.587596,20.375274,0.483917,19.891387,0.000000,411070,0.009307
22 14 ,7,16,101,1.587596,2.134185,0.064819,2.069366,0.000000,411373,0.003875
18 19 23 22 21 17 13 23 22 21 14 23 13 17 22 22 18 16 19 25 16 24 ,7,16,101,1.587596,34.515930,0.785217,33.730743,0.000000,414908,0.004608
13 12 17 21 15 26 21 17 22 21 11 15 24 14 17 22 22 22 18 26 22 22 21 11 14 20 20 ,7,16,101,1.587596,42.133026,0.942871,41.190155,0.000000,419150,0.006744
19 25 24 17 18 26 20 23 13 20 25 24 17 13 25 26 18 19 12 11 17 18 14 ,7,16,101,1.587596,35.258087,0.807983,34.450134,0.000000,422685,0.008605
13 23 13 23 13 12 ,7,16,101,1.587596,8.422149,0.216156,8.205993,0.000000,423594,0.004638
15 19 20 12 11 17 22 18 24 14 20 20 20 25 24 14 14 25 ,7,16,101,1.587596,27.429992,0.630584,26.799407,0.000000,426422,0.006072
11 14 25 16 26 21 17 18 19 23 22 13 12 ,7,16,101,1.587596,19.367370,0.429656,18.937744,0.000000,428442,0.009338
16 16 26 22 21 15 26 22 13 25 16 16 24 15 16 16 26 21 11 17 22 21 14 12 14 23 21 14 23 18 16 26 ,7,16,101,1.587596,50.031555,1.151763,48.879791,0.000000,433492,0.009704
21 11 14 ,7,16,101,1.587596,4.461212,0.100830,4.360382,0.000000,433998,0.012237
11 11 17 ,7,16,101,1.587596,3.515899,0.085266,3.430603,0.000000,434401,0.005706
12 17 22 21 15 24 11 14 ,7,16,101,1.587596,12.032440,0.296142,11.736297,0.000000,435613,0.003906
19 20 23 18 19 23 22 22 21 11 17 21 17 22 22 22 14 25 26 18 16 16 19 20 12 15 26 17 18 ,7,16,101,1.587596,45.719055,1.026275,44.692810,0.000000,440259,0.004302
12 15 19 12 14 23 13 20 25 16 26 22 22 ,7,16,101,1.587596,20.164367,0.476928,19.687408,0.000000,442279,0.007568
25 19 23 13 12 11 17 21 17 20 25 24 17 21 11 15 16 24 15 24 11 15 26 18 16 19 23 13 25 24 14 23 14 20 23 21 ,7,16,101,1.587596,56.478118,1.283294,55.194824,0.000000,447935,0.003875
19 20 12 17 21 11 17 22 18 19 12 14 20 17 13 20 25 26 22 21 ,7,16,101,1.587596,31.836914,0.735717,31.101226,0.000000,451167,0.003875
14 25 26 13 12 14 25 26 18 16 19 12 14 12 14 25 13 23 22 13 25 19 12 14 12 11 11 11 11 15 19 23 21 17 21 11 15 19 12 14 23 18 16 24 11 17 13 25 26 21 14 12 11 14 ,7,16,101,1.587596,86.336853,1.956634,84.380249,0.000000,459853,0.003875
16 26 21 14 23 13 23 12 15 19 12 14 25 ,7,16,101,1.587596,20.500274,0.456542,20.043731,0.000000,461974,0.004333
21 15 ,7,16,101,1.587596,3.018463,0.073333,2.945159,0.000000,462277,0.005584
13 23 21 14 20 25 16 19 12 11 19 25 16 26 18 24 11 11 14 12 14 12 11 14 20 12 15 24 15 19 23 18 16 26 13 11 14 25 24 15 ,7,16,101,1.587596,63.703430,1.460205,62.243255,0.000000,468742,0.012298
24 14 12 17 22 21 15 16 26 21 15 26 ,7,16,101,1.587596,18.195587,0.420043,17.775543,0.000000,470660,0.004333
24 17 21 15 19 25 24 11 18 26 22 18 26 13 23 13 25 ,7,16,101,1.587596,26.117492,0.602203,25.515319,0.000000,473287,0.015777
19 16 ,7,16,101,1.587596,1.711120,0.040710,1.670410,0.000000,473488,0.005798
19 12 11 ,7,16,101,1.587596,4.220214,0.100372,4.119842,0.000000,473993,0.003906
25 19 ,7,16,101,1.587596,2.726837,0.065246,2.661560,0.000000,474296,0.003967
21 14 12 14 12 15 24 17 13 12 14 25 26 22 18 19 12 ,7,16,101,1.587596,25.719024,0.593109,25.125915,0.000000,476922,0.009796
11 11 17 21 17 22 ,7,16,101,1.587596,8.617462,0.208557,8.408905,0.000000,477831,0.005828
25 19 20 25 26 13 20 23 18 19 25 24 11 14 20 12 15 24 11 11 17 18 24 15 26 22 16 26 21 15 16 24 17 18 19 12 17 21 15 24 15 15 26 18 16 24 11 ,7,16,101,1.587596,74.586273,1.704437,72.881835,0.000000,485305,0.008544
15 19 ,7,16,101,1.587596,2.656524,0.061126,2.595397,0.000000,485608,0.009826
26 18 24 14 20 20 25 19 20 20 23 ,7,16,101,1.587596,17.281555,0.408782,16.872772,0.000000,487426,0.006500
24 11 15 19 12 17 22 17 13 25 24 17 ,7,16,101,1.587596,19.133087,0.420837,18.712249,0.000000,489345,0.007293
15 16 ,7,16,101,1.587596,2.320556,0.061492,2.259063,0.000000,489648,0.008544
24 11 11 15 24 11 15 16 19 23 13 25 16 16 16 24 18 24 14 23 21 17 13 23 21 11 14 23 18 24 11 11 17 22 18 19 25 16 24 11 14 25 16 18 16 16 19 20 25 26 22 21 ,7,16,101,1.587596,83.094085,1.907897,81.186187,0.000000,498031,0.007263
23 22 22 21 15 19 20 23 13 20 12 11 14 12 11 17 18 16 23 13 20 20 ,7,16,101,1.587596,35.195617,0.790710,34.404907,0.000000,501566,0.009155
23 22 21 15 19 20 12 11 14 12 17 21 17 18 16 24 17 13 23 13 20 24 15 19 25 26 22 13 20 20 12 17 21 14 23 23 21 11 15 19 20 20 23 ,7,16,101,1.587596,68.664398,1.556976,67.107452,0.000000,508434,0.009307
26 22 22 23 21 14 12 14 20 12 14 23 21 15 ,7,16,101,1.587596,22.312774,0.513824,21.798950,0.000000,510757,0.006042
20 23 21 14 12 11 11 11 14 25 19 23 13 23 13 20 12 11 11 14 23 18 26 22 22 18 24 14 20 23 18 26 ,7,16,101,1.587596,50.781585,1.180023,49.601531,0.000000,515908,0.004272
17 22 18 26 13 20 23 22 26 21 ,7,16,101,1.587596,14.876373,0.322204,14.554199,0.000000,517423,0.003875
25 19 25 26 21 15 19 23 18 24 17 22 13 25 19 25 22 13 ,7,16,101,1.587596,28.133087,0.635131,27.497955,0.000000,520251,0.004241
16 19 23 22 18 ,7,16,101,1.587596,7.462677,0.191650,7.270996,0.000000,521059,0.003875
20 20 12 15 26 13 20 20 12 12 17 18 26 22 21 17 22 18 26 18 16 16 26 13 12 15 19 12 ,7,16,101,1.587596,43.353271,0.990386,42.362915,0.000000,525402,0.003875
12 15 24 15 19 12 23 22 18 26 18 19 12 11 11 17 21 14 12 11 11 17 18 26 13 12 15 19 20 23 13 25 12 14 23 13 12 11 17 22 18 19 20 ,7,16,101,1.587596,68.243774,1.538085,66.705688,0.000000,532270,0.003875
20 12 15 19 12 17 21 15 24 11 14 25 26 21 17 ,7,16,101,1.587596,23.219055,0.540771,22.678283,0.000000,534593,0.007171
26 19 12 ,7,16,101,1.587596,4.453399,0.100433,4.352966,0.000000,535098,0.004089
26 ,7,16,101,1.587596,1.554962,0.038818,1.516143,0.000000,535300,0.007507
24 17 22 22 13 25 ,7,16,101,1.587596,9.468963,0.229095,9.239868,0.000000,536310,0.009216
13 ,7,16,101,1.587596,0.515869,0.020477,0.495422,0.000000,536411,0.006988
11 15 19 23 13 23 13 20 23 21 11 11 17 22 21 14 ,7,16,101,1.587596,25.312774,0.576568,24.736236,0.000000,539037,0.005004
17 18 24 20 23 21 11 ,7,16,101,1.587596,11.187774,0.289215,10.898559,0.000000,540249,0.010070
23 13 20 12 11 11 15 19 23 22 21 12 14 ,7,16,101,1.587596,19.929962,0.434844,19.495147,0.000000,542269,0.005523
16 24 ,7,16,101,1.587596,2.836181,0.072418,2.763793,0.000000,542572,0.006805
22 21 17 21 ,7,16,101,1.587596,6.406524,0.166381,6.240142,0.000000,543279,0.007232
17 18 19 ,7,16,101,1.587596,4.179962,0.103820,4.076141,0.000000,543784,0.004119
11 15 24 ,7,16,101,1.587596,3.633758,0.081817,3.551971,0.000000,544188,0.003875
12 14 12 15 26 21 11 11 15 19 20 23 21 14 25 12 11 17 22 ,7,16,101,1.587596,30.297088,0.701629,29.595458,0.000000,547319,0.005920
21 17 21 11 14 20 12 11 15 26 13 12 14 23 13 25 26 21 15 24 15 24 14 25 16 16 26 13 21 11 11 15 16 24 14 20 25 26 21 17 18 24 11 14 23 21 17 21 15 24 11 11 15 26 21 ,7,16,101,1.587596,87.875335,2.012023,85.863311,0.000000,556207,0.009429
16 16 26 18 19 25 26 18 24 18 24 15 26 18 16 16 26 13 ,7,16,101,1.587596,27.508911,0.640960,26.867950,0.000000,559035,0.003875
26 13 12 17 13 12 17 21 15 19 20 23 22 18 19 12 17 22 ,7,16,101,1.587596,27.906524,0.635925,27.270629,0.000000,561863,0.004455
18 26 22 18 19 20 20 ,7,16,101,1.587596,11.078399,0.238647,10.839782,0.000000,562974,0.003936
22 22 13 25 24 17 22 13 20 23 22 21 17 21 17 18 24 11 17 13 20 20 23 ,7,16,101,1.587596,35.383514,0.807495,34.575988,0.000000,566610,0.003906
17 18 19 25 26 22 13 18 ,7,16,101,1.587596,12.765899,0.314392,12.451507,0.000000,567923,0.006500
23 18 16 24 11 15 19 25 26 13 20 20 20 25 26 18 26 21 14 23 21 11 15 19 23 18 16 19 12 11 11 15 19 23 13 20 20 12 17 22 21 17 13 14 23 21 11 17 21 17 18 ,7,16,101,1.587596,80.406494,1.805389,78.601104,0.000000,576003,0.003936
22 21 11 15 16 26 23 13 20 12 15 26 13 12 14 12 14 20 23 22 24 14 ,7,16,101,1.587596,34.258148,0.783111,33.475006,0.000000,579437,0.007995
22 ,7,16,101,1.587596,1.039611,0.039550,1.000061,0.000000,579639,0.003875
26 18 26 13 12 11 14 20 23 22 ,7,16,101,1.587596,15.578399,0.367675,15.210723,0.000000,581255,0.007812
26 18 16 ,7,16,101,1.587596,4.570587,0.101867,4.468719,0.000000,581760,0.004699
13 12 11 17 22 21 15 24 14 23 22 12 14 25 16 26 21 11 14 12 17 21 ,7,16,101,1.587596,34.562805,0.788055,33.774719,0.000000,585295,0.006500
16 16 24 15 19 25 24 15 26 21 15 19 25 18 16 16 24 14 12 15 16 24 15 26 18 19 25 19 12 14 23 21 15 19 23 ,7,16,101,1.587596,55.320739,1.266174,54.054534,0.000000,590850,0.003906
24 25 19 25 26 22 13 12 17 13 23 23 22 18 26 22 22 22 13 20 20 25 26 18 24 14 20 23 22 13 20 23 18 24 17 18 19 11 17 22 21 14 23 21 17 21 15 16 19 12 15 19 20 12 14 12 11 17 13 26 18 16 19 12 17 13 20 25 19 12 14 12 17 ,7,16,101,1.587596,115.501190,2.642425,112.858795,0.000000,602465,0.003875
12 11 14 12 11 15 16 16 25 19 12 11 15 16 26 21 15 19 20 20 23 18 19 25 26 13 20 23 ,7,16,101,1.587596,44.797210,1.001251,43.795959,0.000000,607010,0.006561
22 ,7,16,101,1.587596,0.578369,0.020202,0.558166,0.000000,607111,0.004364
19 20 23 21 15 26 22 13 23 18 16 17 18 26 22 21 14 12 17 22 21 14 20 25 24 14 12 11 11 14 12 11 11 24 11 11 14 12 17 22 13 20 23 22 13 20 21 14 23 18 26 13 25 24 14 23 21 17 21 17 21 11 11 17 22 13 13 23 22 18 19 25 26 22 22 21 17 20 ,7,16,101,1.587596,124.101928,2.817993,121.283966,0.000000,619534,0.009643
20 20 20 23 22 22 22 13 20 23 13 25 16 16 16 16 16 24 17 18 16 24 17 21 14 12 14 18 16 16 16 24 11 11 14 20 12 15 19 12 11 17 22 21 17 18 24 17 18 26 21 15 16 12 14 12 14 12 15 19 23 13 12 11 15 16 16 19 12 11 11 11 11 17 13 23 21 15 ,7,16,101,1.587596,123.445678,2.807250,120.638458,0.000000,631957,0.007110
14 23 19 12 14 ,7,16,101,1.587596,7.492462,0.192169,7.300292,0.000000,632765,0.005310
18 16 19 23 21 11 17 21 15 16 26 22 ,7,16,101,1.587596,17.898712,0.388305,17.510437,0.000000,634583,0.005126
12 17 22 21 11 17 13 20 12 15 16 26 21 14 25 26 ,7,16,101,1.587596,24.422180,0.575439,23.846710,0.000000,637108,0.005340
11 14 12 17 18 26 18 16 16 26 13 25 19 25 24 ,7,16,101,1.587596,23.906555,0.560394,23.346160,0.000000,639532,0.007690
19 25 19 12 ,7,16,101,1.587596,5.337707,0.121704,5.216003,0.000000,640138,0.003875
14 23 22 21 14 12 15 26 18 24 11 15 26 20 25 16 16 19 12 11 17 22 13 23 18 24 15 16 16 19 23 13 12 14 12 14 20 20 25 16 24 17 18 19 ,7,16,101,1.587596,70.179931,1.592224,68.587707,0.000000,647208,0.006042
20 20 25 19 12 11 14 13 20 ,7,16,101,1.587596,13.476837,0.339630,13.137207,0.000000,648622,0.006774
12 11 15 24 ,7,16,101,1.587596,5.351745,0.120574,5.231170,0.000000,649228,0.009338
18 19 25 19 20 25 16 24 17 18 26 21 14 20 12 11 ,7,16,101,1.587596,24.258117,0.576904,23.681213,0.000000,651753,0.009521
26 22 21 11 14 20 11 11 15 19 20 25 24 14 25 24 11 14 24 15 24 17 21 11 14 12 17 22 22 18 16 26 22 18 24 14 12 15 ,7,16,101,1.587596,60.453674,1.370056,59.083618,0.000000,657813,0.003875
15 19 25 24 17 21 15 24 15 16 26 13 23 21 14 12 15 16 19 20 12 17 21 14 23 22 ,7,16,101,1.587596,41.640930,0.935333,40.705596,0.000000,662055,0.005859
24 ,7,16,101,1.587596,0.719024,0.021362,0.697662,0.000000,662157,0.009338
11 11 17 18 19 25 26 22 13 23 18 26 18 16 16 19 12 15 24 11 11 14 20 20 25 19 12 14 23 ,7,16,101,1.587596,46.433563,1.063720,45.369873,0.000000,666802,0.004974
19 12 17 21 17 18 26 ,7,16,101,1.587596,10.039337,0.226684,9.812652,0.000000,667812,0.006652
17 13 25 19 12 22 22 13 25 26 ,7,16,101,1.587596,15.360534,0.354339,15.006225,0.000000,669428,0.003875
13 12 15 26 18 19 25 19 25 24 17 21 11 11 14 20 25 ,7,16,101,1.587596,26.008087,0.583557,25.424530,0.000000,672054,0.008789
26 13 25 26 22 18 19 25 24 ,7,16,101,1.587596,13.758087,0.344024,13.414062,0.000000,673468,0.009552
22 21 11 14 25 16 19 12 14 23 22 22 22 18 19 20 12 14 ,7,16,101,1.587596,28.336242,0.654296,27.681945,0.000000,676397,0.008880
26 21 11 11 17 18 16 16 26 22 21 15 19 25 ,7,16,101,1.587596,20.898712,0.458587,20.440155,0.000000,678518,0.009887
25 24 17 18 19 12 14 23 22 21 11 17 13 25 26 22 19 12 15 19 12 17 18 19 20 ,7,16,101,1.587596,39.492401,0.922332,38.570098,0.000000,682558,0.008636
17 13 12 14 25 26 13 23 13 12 15 19 25 24 ,7,16,101,1.587596,21.359649,0.477600,20.882080,0.000000,684780,0.007568
26 18 26 25 19 23 21 14 ,7,16,101,1.587596,12.267120,0.309692,11.957427,0.000000,686093,0.003875
16 19 25 16 24 15 19 12 17 13 25 16 19 12 15 11 15 24 14 20 12 11 15 16 19 20 12 11 ,7,16,101,1.587596,44.273742,0.980010,43.293731,0.000000,690537,0.008270
21 17 21 14 25 24 15 24 14 23 13 20 25 11 15 26 22 13 25 16 24 14 25 24 17 13 23 18 24 15 24 14 12 14 20 25 ,7,16,101,1.587596,57.031585,1.307495,55.724060,0.000000,696294,0.009002
21 12 17 21 15 16 24 14 25 19 12 14 12 11 15 19 15 26 18 16 24 15 26 22 13 12 11 14 20 12 11 17 22 13 20 ,7,16,101,1.587596,56.047210,1.287994,54.759216,0.000000,701950,0.004119
20 24 14 25 24 15 24 15 24 11 14 20 23 ,7,16,101,1.587596,19.851837,0.452423,19.399444,0.000000,703970,0.007354
19 23 22 22 18 24 14 20 ,7,16,101,1.587596,11.312774,0.268981,11.043792,0.000000,705182,0.004669
23 22 21 14 25 24 11 17 18 16 26 18 21 17 21 17 13 12 15 16 16 19 12 14 25 19 12 15 26 22 22 18 26 18 16 19 12 11 15 26 13 23 22 21 17 22 13 12 14 23 13 12 14 25 16 24 17 13 25 24 14 25 19 23 15 19 20 12 14 20 12 17 13 23 22 22 22 18 19 23 13 20 25 19 20 25 26 18 24 17 18 26 22 18 24 ,7,16,101,1.587596,150.851989,3.435363,147.416625,0.000000,720332,0.005767
13 25 24 11 11 11 17 13 12 14 25 24 15 16 19 13 23 18 16 16 19 23 22 13 25 16 24 17 13 23 21 14 25 24 17 13 23 18 24 11 14 12 17 21 11 11 ,7,16,101,1.587596,72.806060,1.641174,71.164886,0.000000,727705,0.003875
16 19 ,7,16,101,1.587596,2.289337,0.059478,2.229827,0.000000,728008,0.004119
21 15 16 16 26 21 15 26 ,7,16,101,1.587596,11.718994,0.291473,11.427551,0.000000,729220,0.009216
21 17 21 17 13 23 13 23 16 26 22 18 26 21 11 15 26 22 18 24 14 20 25 15 24 15 19 25 24 14 25 24 15 16 26 21 11 21 14 20 12 15 16 26 22 ,7,16,101,1.587596,71.571685,1.621582,69.950103,0.000000,736391,0.003875
24 ,7,16,101,1.587596,0.125274,0.015472,0.109802,0.000000,736492,0.008483
22 22 21 11 15 19 20 25 16 16 26 15 16 ,7,16,101,1.587596,19.601837,0.457855,19.144012,0.000000,738512,0.003967
20 23 13 20 ,7,16,101,1.587596,5.297149,0.134613,5.162536,0.000000,739118,0.006530
12 14 12 14 22 22 18 16 19 20 ,7,16,101,1.587596,16.009124,0.344635,15.664489,0.000000,740734,0.003875
20 23 18 26 13 12 11 17 18 16 26 21 11 23 18 24 15 19 23 22 21 11 11 14 25 26 21 15 ,7,16,101,1.587596,43.259124,1.004058,42.255065,0.000000,745077,0.003906
18 24 11 17 18 19 20 23 22 22 13 25 16 16 26 13 23 19 12 15 ,7,16,101,1.587596,31.774169,0.728210,31.045959,0.000000,748309,0.003906
14 23 18 24 11 14 23 22 18 24 15 26 ,7,16,101,1.587596,18.664337,0.407257,18.257110,0.000000,750228,0.008850
23 21 15 16 26 18 16 26 16 26 18 24 15 16 24 11 17 18 26 13 20 ,7,16,101,1.587596,33.601837,0.775360,32.826507,0.000000,753662,0.005035
19 20 25 19 23 21 17 21 17 12 11 17 18 19 25 24 11 15 16 19 25 26 22 18 26 21 11 11 26 ,7,16,101,1.587596,46.336242,1.056335,45.279907,0.000000,758308,0.006408
16 24 17 13 25 19 20 25 19 24 17 21 15 19 20 20 12 17 13 25 24 11 15 26 18 19 25 ,7,16,101,1.587596,41.953430,0.947723,41.005706,0.000000,762550,0.008544
20 23 22 22 18 19 ,7,16,101,1.587596,9.226745,0.238037,8.988739,0.000000,763560,0.010131
18 24 15 19 26 21 11 14 20 23 18 26 22 18 26 18 24 11 ,7,16,101,1.587596,28.625274,0.654205,27.971099,0.000000,766489,0.009429
19 24 15 24 ,7,16,101,1.587596,6.164337,0.160736,6.003601,0.000000,767196,0.009796
25 19 20 25 19 12 17 18 24 11 16 24 14 25 26 ,7,16,101,1.587596,23.804962,0.535858,23.269134,0.000000,769620,0.004364
21 11 15 19 25 19 23 18 24 17 15 26 13 20 12 14 20 12 15 26 18 26 18 19 25 16 26 16 ,7,16,101,1.587596,43.609680,0.996002,42.613677,0.000000,774064,0.009948
13 20 25 16 26 13 12 11 15 26 21 15 19 20 25 16 16 19 20 25 16 ,7,16,101,1.587596,32.102966,0.728790,31.374206,0.000000,777296,0.003875
21 14 25 26 18 ,7,16,101,1.587596,6.610443,0.145446,6.465026,0.000000,778003,0.003875
20 12 23 13 20 12 14 25 26 13 25 19 12 15 24 15 19 23 21 17 22 13 25 19 13 25 19 23 21 14 12 17 13 25 24 14 12 16 24 11 15 16 19 12 11 15 16 19 23 22 13 23 18 17 21 17 13 12 14 20 23 13 23 18 24 14 25 16 19 25 26 18 26 13 20 20 20 20 25 26 22 21 11 15 19 12 11 17 18 16 16 16 19 20 25 24 11 14 20 12 11 14 ,7,16,101,1.587596,163.328552,3.712310,159.616241,0.000000,794365,0.009246
11 14 23 18 19 12 ,7,16,101,1.587596,8.734558,0.217224,8.517333,0.000000,795274,0.005279
18 26 21 15 24 15 19 20 25 16 22 21 15 26 13 12 15 16 24 14 12 ,7,16,101,1.587596,32.039367,0.728118,31.311248,0.000000,798506,0.005859
12 14 25 24 11 17 22 18 26 18 16 24 19 12 11 11 15 16 16 19 20 25 19 12 14 20 20 12 11 14 23 21 17 18 ,7,16,101,1.587596,53.125305,1.200225,51.925109,0.000000,803859,0.007415
12 15 19 12 14 23 22 21 15 16 19 25 19 25 ,7,16,101,1.587596,22.273712,0.501831,21.771881,0.000000,806182,0.004180
15 16 ,7,16,101,1.587596,1.797119,0.047576,1.749572,0.000000,806384,0.007629
12 11 17 18 19 23 18 25 26 22 18 24 17 13 12 14 12 11 15 16 26 22 22 13 20 25 16 19 22 13 ,7,16,101,1.587596,47.472259,1.093658,46.378601,0.000000,811132,0.012390
14 20 23 22 21 17 21 17 13 20 12 17 18 24 15 19 20 20 23 13 25 22 18 16 26 22 13 23 21 11 14 23 21 ,7,16,101,1.587596,52.438964,1.181152,51.257812,0.000000,816383,0.003875
12 11 14 25 24 15 24 14 12 14 25 16 19 ,7,16,101,1.587596,20.625274,0.461425,20.163818,0.000000,818504,0.003875
11 14 25 26 18 24 14 25 24 19 25 24 11 11 14 25 26 13 12 17 22 22 ,7,16,101,1.587596,34.859680,0.798736,34.060943,0.000000,822039,0.005676
24 11 15 16 16 16 26 22 13 23 ,7,16,101,1.587596,14.469024,0.357391,14.111633,0.000000,823554,0.004272
22 21 17 22 16 24 17 18 16 26 21 14 20 23 18 19 25 24 15 24 14 12 11 14 25 26 13 20 ,7,16,101,1.587596,43.836151,0.976806,42.859344,0.000000,827998,0.009857
25 22 18 24 ,7,16,101,1.587596,5.250274,0.139404,5.110870,0.000000,828604,0.004547
25 19 20 25 26 ,7,16,101,1.587596,7.907592,0.197631,7.709991,0.000000,829412,0.003875
23 18 16 19 12 14 25 ,7,16,101,1.587596,9.742462,0.214538,9.527923,0.000000,830422,0.004394
26 22 22 21 11 ,7,16,101,1.587596,6.758087,0.144805,6.613281,0.000000,831129,0.004730
17 21 15 24 11 11 11 15 ,7,16,101,1.587596,12.094024,0.293670,11.800354,0.000000,832341,0.009857
24 17 13 20 23 13 25 16 24 17 18 16 24 14 20 12 17 18 24 14 12 14 20 12 11 14 20 25 24 17 22 22 13 23 22 13 12 14 25 ,7,16,101,1.587596,61.101989,1.387084,59.714904,0.000000,838502,0.009826
15 11 17 13 20 ,7,16,101,1.587596,7.672149,0.184020,7.488128,0.000000,839310,0.007873
21 14 ,7,16,101,1.587596,2.187774,0.057373,2.130401,0.000000,839613,0.009155
21 15 19 25 16 24 14 23 13 18 24 11 11 17 13 23 13 25 24 14 25 16 24 14 25 16 16 16 23 21 14 12 17 ,7,16,101,1.587596,51.937805,1.185760,50.752075,0.000000,844865,0.005126
22 21 14 25 26 ,7,16,101,1.587596,6.953399,0.164337,6.789062,0.000000,845572,0.005523
17 18 ,7,16,101,1.587596,2.984649,0.062286,2.922363,0.000000,845875,0.006835
23 13 12 11 15 24 17 13 12 15 19 ,7,16,101,1.587596,16.406524,0.376861,16.029693,0.000000,847592,0.008758
26 13 16 24 15 24 14 20 12 17 22 18 19 25 ,7,16,101,1.587596,21.359649,0.486236,20.873413,0.000000,849814,0.007690
23 13 20 20 20 ,7,16,101,1.587596,7.531524,0.184967,7.346557,0.000000,850622,0.005889
25 24 15 21 15 26 22 22 18 24 17 18 16 19 23 21 15 26 18 26 21 17 22 18 19 12 14 23 13 23 23 22 13 12 15 26 21 15 26 ,7,16,101,1.587596,61.656951,1.407775,60.249176,0.000000,856884,0.003875
12 17 21 14 ,7,16,101,1.587596,4.945556,0.123138,4.822448,0.000000,857389,0.008270
20 23 21 15 16 26 22 18 26 18 26 22 ,7,16,101,1.587596,17.781524,0.393676,17.387847,0.000000,859207,0.008026
13 20 21 11 17 18 26 21 15 19 12 11 14 23 21 17 21 11 14 ,7,16,101,1.587596,29.375305,0.685455,28.689819,0.000000,862237,0.005126
11 11 15 16 19 12 ,7,16,101,1.587596,8.851745,0.205291,8.646484,0.000000,863146,0.008941
25 16 19 26 21 15 19 20 23 21 17 13 12 11 15 24 ,7,16,101,1.587596,25.461212,0.579376,24.881835,0.000000,865772,0.006958
15 19 25 16 19 20 ,7,16,101,1.587596,9.156494,0.236389,8.920135,0.000000,866782,0.008544
12 15 26 21 14 20 23 21 ,7,16,101,1.587596,12.164489,0.287353,11.877136,0.000000,868095,0.003875
15 24 11 14 ,7,16,101,1.587596,5.773712,0.123931,5.649780,0.000000,868701,0.006164
22 ,7,16,101,1.587596,1.281524,0.037445,1.244049,0.000000,868903,0.009643
16 26 22 13 20 20 12 14 20 20 23 22 18 16 21 ,7,16,101,1.587596,23.922180,0.562957,23.359222,0.000000,871327,0.004241
24 14 23 18 26 13 20 23 17 22 21 15 26 18 24 15 16 26 13 23 18 24 11 15 24 11 17 ,7,16,101,1.587596,41.883117,0.948059,40.935089,0.000000,875569,0.006408
13 23 17 22 18 24 15 16 16 24 ,7,16,101,1.587596,14.992462,0.363006,14.629455,0.000000,877084,0.005004
23 13 ,7,16,101,1.587596,2.469024,0.059631,2.409393,0.000000,877387,0.006286
20 20 12 15 24 15 16 17 18 24 15 16 24 17 18 ,7,16,101,1.587596,23.625274,0.547698,23.077606,0.000000,879811,0.008605
26 18 24 23 21 11 11 17 21 17 21 11 11 14 25 19 23 22 18 19 20 23 13 25 26 22 21 22 22 22 18 16 26 22 21 14 20 12 11 14 12 15 24 17 ,7,16,101,1.587596,70.101898,1.591522,68.510375,0.000000,886881,0.004425
26 21 15 24 11 ,7,16,101,1.587596,7.087493,0.162445,6.925048,0.000000,887689,0.003906
14 25 24 15 19 21 11 11 11 15 16 24 17 18 26 22 18 24 11 17 13 20 23 ,7,16,101,1.587596,36.695617,0.841888,35.853729,0.000000,891426,0.007873
24 17 ,7,16,101,1.587596,2.797119,0.071258,2.725891,0.000000,891729,0.009155
11 11 11 14 25 16 19 23 18 24 ,7,16,101,1.587596,14.922149,0.349700,14.572448,0.000000,893244,0.007720
16 19 25 24 17 18 26 22 21 17 13 23 22 18 24 17 13 25 16 19 12 14 12 15 16 24 17 22 18 19 23 13 ,7,16,101,1.587596,50.797180,1.158416,49.638793,0.000000,898395,0.005889
12 11 14 25 19 23 18 24 ,7,16,101,1.587596,12.281524,0.288574,11.992950,0.000000,899708,0.008789
14 25 ,7,16,101,1.587596,1.633087,0.039184,1.593902,0.000000,899910,0.004425
18 24 17 22 21 15 22 18 26 18 16 26 22 13 12 17 13 20 12 17 ,7,16,101,1.587596,31.140930,0.708221,30.432708,0.000000,903041,0.007141
21 15 19 14 25 24 14 25 26 18 16 26 22 21 ,7,16,101,1.587596,22.164367,0.517944,21.646423,0.000000,905263,0.006072
17 13 12 11 15 16 26 22 13 14 25 24 11 14 12 17 22 21 14 23 22 21 14 25 19 25 16 16 26 13 25 24 11 17 18 19 12 15 26 22 21 17 22 18 23 ,7,16,101,1.587596,70.937835,1.604522,69.333312,0.000000,912434,0.007507
16 19 12 15 19 23 22 21 11 15 24 ,7,16,101,1.587596,17.609649,0.409484,17.200195,0.000000,914252,0.007354
26 18 26 21 ,7,16,101,1.587596,6.398712,0.163635,6.235076,0.000000,914959,0.007751
11 17 13 23 ,7,16,101,1.587596,6.211212,0.141052,6.070159,0.000000,915666,0.008087
19 20 20 20 20 25 19 15 24 17 13 23 21 15 26 21 ,7,16,101,1.587596,24.859680,0.581207,24.278472,0.000000,918191,0.008300
18 16 19 ,7,16,101,1.587596,4.109649,0.098876,4.010772,0.000000,918696,0.005218
19 23 ,7,16,101,1.587596,1.773712,0.040283,1.733428,0.000000,918898,0.008666
11 17 ,7,16,101,1.587596,2.187774,0.057312,2.130462,0.000000,919201,0.009887
11 17 22 22 22 13 20 12 26 18 19 20 12 ,7,16,101,1.587596,20.711975,0.502227,20.209777,0.000000,921322,0.003875
24 11 14 23 18 24 17 ,7,16,101,1.587596,10.876525,0.230194,10.646331,0.000000,922433,0.003875
18 26 13 25 24 15 16 24 17 22 26 18 19 20 25 19 23 13 23 ,7,16,101,1.587596,29.265930,0.666839,28.599090,0.000000,925362,0.009704
17 21 11 14 25 12 15 24 11 15 16 24 ,7,16,101,1.587596,18.109649,0.421051,17.688629,0.000000,927180,0.009490
12 15 26 21 15 26 22 23 21 17 21 17 21 15 ,7,16,101,1.587596,20.946655,0.459716,20.486938,0.000000,929301,0.003906
23 22 22 18 ,7,16,101,1.587596,5.242431,0.138488,5.103973,0.000000,929907,0.005340
21 14 ,7,16,101,1.587596,1.859619,0.048004,1.811645,0.000000,930109,0.008789
12 15 26 22 18 19 23 18 16 26 13 25 19 20 25 16 26 21 22 22 18 26 21 15 16 19 25 24 11 14 25 26 22 21 17 13 25 16 16 19 ,7,16,101,1.587596,63.476867,1.439514,62.037384,0.000000,936472,0.004272
16 16 26 22 13 20 12 15 24 14 12 14 23 13 25 24 17 21 14 23 22 18 24 15 19 12 17 21 11 17 13 20 12 11 17 18 18 24 11 11 15 26 21 11 17 18 26 21 11 ,7,16,101,1.587596,77.070648,1.751953,75.318695,0.000000,944249,0.008270
11 11 17 18 16 24 15 26 11 11 ,7,16,101,1.587596,15.633087,0.362670,15.270446,0.000000,945865,0.004638
15 24 17 18 16 19 12 14 20 20 25 21 17 18 24 ,7,16,101,1.587596,22.828399,0.507659,22.320739,0.000000,948188,0.009185
12 11 14 12 ,7,16,101,1.587596,5.406494,0.140655,5.265869,0.000000,948794,0.003906
11 14 23 13 12 15 26 13 22 13 20 25 19 20 23 22 18 24 15 16 26 18 24 17 21 17 13 25 ,7,16,101,1.587596,44.250244,1.018371,43.231872,0.000000,953238,0.009490
14 22 18 24 17 22 13 23 ,7,16,101,1.587596,11.890899,0.250640,11.640258,0.000000,954450,0.006835
25 26 18 19 23 22 18 16 26 18 19 20 20 20 12 11 11 ,7,16,101,1.587596,26.345153,0.619934,25.725250,0.000000,957177,0.003875
16 16 26 21 15 19 25 24 17 18 26 21 17 21 17 18 26 22 18 19 16 19 12 14 25 26 22 22 22 13 12 14 25 26 22 21 11 11 11 15 19 20 18 24 15 19 25 19 20 12 14 23 18 24 11 14 20 25 16 24 11 ,7,16,101,1.587596,96.867553,2.189971,94.677581,0.000000,966873,0.004272
21 15 19 23 22 18 16 ,7,16,101,1.587596,10.539489,0.253784,10.285705,0.000000,967984,0.003875
21 11 14 23 21 15 26 18 19 23 18 26 21 15 21 15 24 14 12 17 22 13 25 16 26 13 25 16 26 22 18 15 19 25 24 14 ,7,16,101,1.587596,57.429992,1.292480,56.137512,0.000000,973741,0.004425
14 25 16 19 20 25 24 15 16 24 11 15 16 26 13 12 ,7,16,101,1.587596,24.765899,0.572418,24.193481,0.000000,976266,0.004638
24 11 12 17 21 17 21 17 21 17 22 18 26 18 ,7,16,101,1.587596,21.101867,0.500701,20.601165,0.000000,978387,0.005767
17 22 13 25 26 22 22 22 22 22 21 15 19 12 13 ,7,16,101,1.587596,23.695587,0.530242,23.165374,0.000000,980811,0.008087
20 12 ,7,16,101,1.587596,2.359619,0.067321,2.292327,0.000000,981114,0.009338
14 23 18 16 16 19 23 13 ,7,16,101,1.587596,12.437774,0.283020,12.154754,0.000000,982427,0.004486
15 16 16 16 26 21 15 16 26 21 17 13 23 21 15 16 16 16 26 22 18 16 26 22 22 18 ,7,16,101,1.587596,40.055694,0.902069,39.153625,0.000000,986467,0.003875
11 17 18 16 16 16 26 21 15 24 15 17 22 ,7,16,101,1.587596,19.797149,0.470123,19.327026,0.000000,988487,0.006500
16 19 12 14 23 18 26 22 18 24 14 20 14 25 24 11 ,7,16,101,1.587596,25.336242,0.598876,24.737365,0.000000,991113,0.004547
11 17 22 13 20 25 ,7,16,101,1.587596,8.594024,0.185119,8.408905,0.000000,992022,0.008270
26 21 15 25 16 16 16 16 19 20 20 23 13 20 25 26 18 19 25 24 17 18 16 20 23 21 14 23 ,7,16,101,1.587596,44.164367,1.000671,43.163726,0.000000,996466,0.006103
12 11 15 26 18 19 12 14 12 14 20 12 11 17 15 24 14 25 19 ,7,16,101,1.587596,29.485351,0.675811,28.809539,0.000000,999496,0.003906
19 12 11 11 14 25 24 11 ,7,16,101,1.587596,12.703399,0.314758,12.388641,0.000000,1000809,0.006103
16 24 15 26 22 22 22 13 23 22 22 18 16 24 17 21 14 25 24 17 18 24 17 21 17 ,7,16,101,1.587596,40.015838,0.895141,39.120697,0.000000,1004849,0.004791
26 21 14 12 15 19 25 16 19 12 17 25 26 13 12 15 19 ,7,16,101,1.587596,26.500305,0.621368,25.878936,0.000000,1007576,0.008514
17 13 25 11 11 15 16 19 12 17 22 18 19 12 15 16 19 23 18 16 24 17 13 12 15 24 15 26 13 23 19 23 ,7,16,101,1.587596,49.672180,1.128265,48.543945,0.000000,1012626,0.008850
21 14 12 17 22 18 24 14 25 16 24 15 26 18 16 12 ,7,16,101,1.587596,24.203918,0.539581,23.664337,0.000000,1015050,0.003906
15 24 15 16 26 22 ,7,16,101,1.587596,8.734649,0.217559,8.517089,0.000000,1015959,0.007202
14 20 25 19 20 12 11 14 20 20 20 23 21 11 11 14 12 15 24 15 24 15 24 17 18 24 17 13 20 23 ,7,16,101,1.587596,46.531555,1.064605,45.466949,0.000000,1020706,0.006286
13 23 21 14 20 20 20 ,7,16,101,1.587596,11.149047,0.260467,10.888580,0.000000,1021918,0.003906
11 13 23 18 24 17 21 14 12 11 14 23 18 26 21 11 17 15 16 19 25 19 12 14 25 16 26 13 25 24 15 16 16 19 25 ,7,16,101,1.587596,55.687805,1.272979,54.414825,0.000000,1027574,0.006469
13 ,7,16,101,1.587596,0.883087,0.020294,0.862762,0.000000,1027675,0.004302
15 24 15 16 19 23 18 24 17 ,7,16,101,1.587596,14.039337,0.335540,13.703796,0.000000,1029089,0.005035
19 25 19 23 22 18 24 14 ,7,16,101,1.587596,12.039337,0.267944,11.771392,0.000000,1030301,0.010070
13 23 18 19 12 15 26 ,7,16,101,1.587596,10.711120,0.239349,10.471801,0.000000,1031412,0.009582
18 16 26 18 26 18 24 14 23 22 22 13 23 22 21 15 24 15 19 12 17 22 18 ,7,16,101,1.587596,35.320922,0.807128,34.513763,0.000000,1034947,0.003875
16 24 14 23 13 ,7,16,101,1.587596,7.523712,0.192749,7.330963,0.000000,1035755,0.009643
21 14 12 11 ,7,16,101,1.587596,5.203399,0.124481,5.078918,0.000000,1036361,0.004302
12 14 ,7,16,101,1.587596,3.125762,0.077880,3.047882,0.000000,1036765,0.003906
24 17 21 15 16 24 14 12 11 14 25 19 12 15 16 19 25 16 16 24 15 19 20 23 22 22 22 13 23 18 19 25 24 17 14 12 ,7,16,101,1.587596,56.867523,1.311706,55.555816,0.000000,1042522,0.004150
20 23 18 ,7,16,101,1.587596,4.586212,0.101257,4.484954,0.000000,1043027,0.008880
24 14 25 26 22 18 19 25 19 12 11 14 20 25 24 25 26 13 20 25 26 22 22 13 20 25 24 11 22 22 13 23 ,7,16,101,1.587596,50.844055,1.159362,49.684722,0.000000,1048178,0.007049
19 12 14 23 21 17 13 23 19 ,7,16,101,1.587596,13.609649,0.314514,13.295135,0.000000,1049592,0.007720
23 21 14 25 ,7,16,101,1.587596,5.907836,0.125488,5.782379,0.000000,1050198,0.003875
13 ,7,16,101,1.587596,0.625274,0.018707,0.606536,0.000000,1050299,0.008117
17 13 25 16 24 15 26 21 14 12 11 15 19 22 22 18 19 20 20 20 25 26 13 12 14 20 12 17 18 16 26 21 17 18 19 12 17 22 13 20 25 26 13 20 25 24 11 15 19 25 ,7,16,101,1.587596,78.898742,1.821228,77.077545,0.000000,1058278,0.007751
25 24 14 23 13 12 17 19 23 18 24 11 15 26 22 18 26 18 24 ,7,16,101,1.587596,29.656555,0.675262,28.981292,0.000000,1061308,0.004882
26 13 ,7,16,101,1.587596,2.687774,0.071716,2.616058,0.000000,1061611,0.006134
16 26 18 16 15 24 15 19 12 17 21 15 16 19 20 ,7,16,101,1.587596,22.743499,0.506591,22.236907,0.000000,1063934,0.003906
19 20 20 20 20 20 12 11 15 26 18 ,7,16,101,1.587596,16.765899,0.391357,16.374542,0.000000,1065651,0.004882
20 12 15 24 17 18 16 16 26 21 25 19 20 12 14 25 16 24 11 11 14 23 22 ,7,16,101,1.587596,35.844055,0.810943,35.033111,0.000000,1069287,0.004455
13 25 26 21 15 25 24 14 23 18 26 18 16 ,7,16,101,1.587596,20.406555,0.496307,19.910217,0.000000,1071408,0.005615
24 11 11 ,7,16,101,1.587596,4.071960,0.099212,3.972747,0.000000,1071913,0.003875
16 19 25 16 26 18 26 12 14 23 21 17 18 24 17 ,7,16,101,1.587596,23.570495,0.546203,23.024322,0.000000,1074337,0.004852
25 24 15 19 12 17 22 13 23 13 25 ,7,16,101,1.587596,16.172149,0.358398,15.813751,0.000000,1076054,0.006835
13 ,7,16,101,1.587596,0.508056,0.017944,0.490112,0.000000,1076155,0.004638
13 23 21 11 ,7,16,101,1.587596,5.336242,0.138244,5.197967,0.000000,1076761,0.007232
15 24 14 20 20 12 15 16 24 14 20 20 12 14 23 21 14 25 24 17 22 18 24 15 24 ,7,16,101,1.587596,38.562805,0.895538,37.667266,0.000000,1080700,0.008178
22 13 ,7,16,101,1.587596,2.094024,0.064788,2.029235,0.000000,1081003,0.009399
13 12 ,7,16,101,1.587596,2.235687,0.063568,2.172119,0.000000,1081306,0.003875
16 19 20 ,7,16,101,1.587596,3.414337,0.080352,3.333984,0.000000,1081710,0.009735
24 14 ,7,16,101,1.587596,2.133789,0.057586,2.076202,0.000000,1082013,0.003906
20 12 14 20 20 20 25 16 19 20 12 17 22 21 17 22 13 20 23 18 19 20 23 13 ,7,16,101,1.587596,38.219055,0.856414,37.362640,0.000000,1085851,0.006317
25 26 21 11 ,7,16,101,1.587596,5.633056,0.138549,5.494537,0.000000,1086457,0.008850
24 14 23 15 26 21 14 20 23 13 12 15 24 14 20 25 ,7,16,101,1.587596,24.390899,0.563140,23.827758,0.000000,1088982,0.009002
19 23 22 13 20 20 20 25 16 24 15 24 11 14 12 17 18 16 24 ,7,16,101,1.587596,29.976867,0.687530,29.289306,0.000000,1092012,0.006103
18 16 19 20 20 20 23 22 13 25 19 20 20 12 ,7,16,101,1.587596,21.414367,0.516357,20.898010,0.000000,1094234,0.005035
14 12 14 23 18 16 24 17 11 15 24 17 22 21 15 19 12 17 22 21 14 12 15 24 14 20 12 14 12 17 13 15 24 11 11 11 17 21 15 24 15 19 12 15 16 26 18 24 17 18 16 19 25 24 14 12 11 17 18 26 13 23 13 14 12 15 24 14 25 19 20 12 11 ,7,16,101,1.587596,115.328491,2.599182,112.729339,0.000000,1105849,0.004241
17 21 14 ,7,16,101,1.587596,3.656982,0.094512,3.562469,0.000000,1106253,0.003875
19 12 17 21 15 ,7,16,101,1.587596,7.742462,0.195343,7.547119,0.000000,1107061,0.009429
22 21 15 24 17 13 25 19 25 26 25 26 ,7,16,101,1.587596,18.687774,0.405151,18.282623,0.000000,1108980,0.006988
26 21 11 17 21 11 17 13 25 26 13 23 13 12 11 15 24 11 15 ,7,16,101,1.587596,28.890899,0.661071,28.229858,0.000000,1111909,0.006317
11 17 13 12 17 21 14 25 ,7,16,101,1.587596,12.617462,0.310668,12.306793,0.000000,1113222,0.009216
17 21 14 23 21 14 13 23 ,7,16,101,1.587596,11.398712,0.264068,11.134674,0.000000,1114434,0.006530
22 ,7,16,101,1.587596,0.742370,0.019195,0.723175,0.000000,1114535,0.004333
13 25 16 ,7,16,101,1.587596,4.094024,0.098144,3.995880,0.000000,1115040,0.009002
25 19 23 13 12 17 21 14 23 18 16 24 11 14 12 26 18 24 ,7,16,101,1.587596,28.220275,0.651275,27.568969,0.000000,1117868,0.003875
26 22 13 23 22 21 14 23 22 13 23 22 13 21 15 24 14 20 23 ,7,16,101,1.587596,29.758117,0.686553,29.071563,0.000000,1120898,0.007598
12 17 ,7,16,101,1.587596,2.179962,0.057067,2.122924,0.000000,1121201,0.008819
24 14 23 21 ,7,16,101,1.587596,5.703735,0.124511,5.579254,0.000000,1121807,0.003875
12 17 21 15 14 20 25 ,7,16,101,1.587596,10.626129,0.265838,10.360290,0.000000,1122918,0.003875
13 ,7,16,101,1.587596,0.601806,0.020751,0.581085,0.000000,1123019,0.008636
22 18 19 12 11 15 26 18 24 15 24 11 11 17 21 17 22 22 ,7,16,101,1.587596,27.453399,0.623077,26.830352,0.000000,1125847,0.010131
20 20 25 19 21 ,7,16,101,1.587596,7.929901,0.197357,7.732513,0.000000,1126655,0.008361
23 18 19 ,7,16,101,1.587596,4.711212,0.107849,4.603363,0.000000,1127160,0.005218
26 21 17 21 17 18 19 16 19 12 17 22 ,7,16,101,1.587596,18.993499,0.420867,18.572631,0.000000,1129079,0.003875
22 13 25 26 22 22 13 25 26 21 11 11 15 24 17 18 24 11 14 ,7,16,101,1.587596,29.883087,0.678131,29.204986,0.000000,1132109,0.007781
21 11 11 15 24 17 21 14 12 11 17 18 16 26 18 19 20 23 21 14 ,7,16,101,1.587596,31.547149,0.722595,30.824584,0.000000,1135341,0.008300
15 19 12 14 12 11 25 19 25 24 14 12 11 11 17 13 12 11 ,7,16,101,1.587596,27.789337,0.629699,27.159637,0.000000,1138169,0.009735
14 25 22 22 18 26 13 20 23 13 23 22 21 17 22 22 13 20 23 22 13 18 24 14 20 23 13 25 24 17 21 17 21 17 21 14 25 16 26 21 20 ,7,16,101,1.587596,64.672210,1.477752,63.194458,0.000000,1144734,0.008636
17 13 25 26 22 22 22 13 25 24 15 26 20 25 26 18 19 12 14 23 18 24 11 17 21 15 16 19 12 11 ,7,16,101,1.587596,47.000335,1.096649,45.903656,0.000000,1149481,0.007781
19 12 17 22 18 16 19 25 16 16 16 19 ,7,16,101,1.587596,18.719024,0.404937,18.314086,0.000000,1151400,0.005371
14 ,7,16,101,1.587596,0.360321,0.018859,0.341461,0.000000,1151501,0.003906
12 11 15 24 15 24 11 15 17 18 19 12 11 14 25 24 14 20 ,7,16,101,1.587596,28.322021,0.652984,27.669036,0.000000,1154430,0.003875
20 23 21 12 11 15 19 20 25 26 18 26 21 17 18 24 11 11 11 14 20 12 14 12 11 11 15 ,7,16,101,1.587596,42.657928,0.997589,41.660369,0.000000,1158773,0.003875
13 23 18 16 16 26 21 15 19 12 14 23 18 15 16 24 15 24 17 22 22 18 19 12 11 17 22 ,7,16,101,1.587596,41.750305,0.961944,40.788360,0.000000,1163015,0.004699
24 ,7,16,101,1.587596,0.978240,0.022247,0.955993,0.000000,1163116,0.003875
21 14 12 14 23 22 22 13 20 12 14 25 16 ,7,16,101,1.587596,19.562774,0.442687,19.120117,0.000000,1165136,0.005767
25 19 20 25 19 ,7,16,101,1.587596,7.687774,0.194824,7.492950,0.000000,1165944,0.003936
18 16 24 ,7,16,101,1.587596,3.516754,0.082244,3.434509,0.000000,1166348,0.003875
22 13 ,7,16,101,1.587596,2.281524,0.058074,2.223449,0.000000,1166651,0.004302
11 15 26 21 11 15 16 26 21 14 12 14 20 17 18 ,7,16,101,1.587596,23.719055,0.551818,23.167236,0.000000,1169075,0.006683
15 26 21 14 23 22 22 13 12 11 14 ,7,16,101,1.587596,17.445587,0.379180,17.066436,0.000000,1170893,0.006469
26 13 21 15 26 13 23 18 16 24 15 24 ,7,16,101,1.587596,18.890930,0.458435,18.432464,0.000000,1172812,0.004119
13 23 21 11 17 22 18 24 15 24 14 20 20 25 16 24 11 14 12 14 25 16 24 14 25 24 17 18 19 20 20 23 22 13 12 15 24 14 25 18 19 12 15 24 17 21 17 21 15 16 24 ,7,16,101,1.587596,80.555023,1.805877,78.749145,0.000000,1180892,0.009368
26 13 12 15 19 23 21 11 15 26 22 16 24 14 25 16 26 18 19 23 13 20 20 25 24 15 24 14 25 26 21 15 19 25 16 24 17 18 19 21 14 25 26 13 25 16 19 25 24 14 12 11 15 16 19 12 15 19 ,7,16,101,1.587596,92.492462,2.100769,90.391693,0.000000,1190184,0.004119
13 20 12 15 16 ,7,16,101,1.587596,7.304962,0.180145,7.124816,0.000000,1190992,0.010101
13 20 20 13 12 17 13 23 21 17 22 18 16 26 18 ,7,16,101,1.587596,22.789337,0.521759,22.267578,0.000000,1193315,0.006805
16 24 14 26 18 24 11 15 24 15 24 15 19 20 23 15 26 13 12 17 18 24 14 20 20 20 12 ,7,16,101,1.587596,42.554992,0.978424,41.576568,0.000000,1197658,0.006805
20 12 17 22 18 26 22 13 ,7,16,101,1.587596,12.609649,0.307891,12.301757,0.000000,1198971,0.009765
21 17 18 26 13 20 25 26 21 15 19 20 20 20 ,7,16,101,1.587596,22.273712,0.509033,21.764709,0.000000,1201294,0.006439
13 25 19 17 18 19 12 15 16 19 20 23 18 24 ,7,16,101,1.587596,22.015899,0.487548,21.528350,0.000000,1203516,0.005340
12 15 19 25 19 25 19 23 18 19 20 20 25 26 13 23 13 25 26 22 ,7,16,101,1.587596,31.172180,0.709808,30.462341,0.000000,1206647,0.008087
18 26 22 21 17 13 20 ,7,16,101,1.587596,10.945587,0.261108,10.684478,0.000000,1207758,0.007537
16 24 14 12 11 14 23 13 20 12 15 16 16 19 20 20 25 19 20 25 16 16 24 17 22 18 16 ,7,16,101,1.587596,41.929992,0.966735,40.963256,0.000000,1212000,0.009735
19 23 13 25 24 11 14 23 21 11 14 25 24 17 13 20 20 20 12 17 18 26 19 20 ,7,16,101,1.587596,38.336242,0.857452,37.478820,0.000000,1215838,0.005004
26 18 19 23 18 16 ,7,16,101,1.587596,9.609649,0.212738,9.396911,0.000000,1216848,0.006591
26 22 13 12 15 24 11 11 11 15 16 26 21 17 22 21 14 25 24 14 20 23 16 24 17 22 22 22 ,7,16,101,1.587596,43.304901,1.000946,42.303985,0.000000,1221191,0.006622
11 11 15 16 26 21 14 25 24 14 14 23 18 19 20 23 21 17 22 22 ,7,16,101,1.587596,31.804962,0.725830,31.079162,0.000000,1224423,0.007202
25 16 26 13 12 ,7,16,101,1.587596,6.633087,0.159088,6.473999,0.000000,1225130,0.007568
22 22 21 14 ,7,16,101,1.587596,6.265899,0.141479,6.124420,0.000000,1225837,0.007873
15 24 17 ,7,16,101,1.587596,3.695587,0.081481,3.614105,0.000000,1226241,0.006988
11 25 16 26 ,7,16,101,1.587596,6.211242,0.158081,6.053131,0.000000,1226948,0.007415
21 17 13 12 11 17 ,7,16,101,1.587596,8.125762,0.213317,7.912475,0.000000,1227857,0.003875
11 15 24 26 ,7,16,101,1.587596,6.367584,0.152801,6.214813,0.000000,1228564,0.003875
15 24 11 15 16 26 21 11 15 24 20 20 25 26 18 24 17 21 17 22 22 21 14 ,7,16,101,1.587596,36.398742,0.832763,35.565979,0.000000,1232301,0.009002
25 24 ,7,16,101,1.587596,2.712646,0.062530,2.650115,0.000000,1232604,0.003875
13 12 11 13 25 26 21 17 13 12 14 12 17 23 22 21 11 17 13 12 15 26 18 13 12 15 16 24 17 13 20 12 17 22 18 26 13 12 17 18 16 24 11 17 18 26 ,7,16,101,1.587596,72.211273,1.637115,70.574127,0.000000,1239876,0.009490
21 15 19 23 22 22 21 15 ,7,16,101,1.587596,12.211212,0.313446,11.897766,0.000000,1241189,0.004699
14 23 13 12 11 12 17 13 23 18 16 19 23 21 15 16 24 ,7,16,101,1.587596,27.164337,0.605834,26.558532,0.000000,1243916,0.008239
24 15 19 25 16 24 15 11 17 13 23 18 24 14 20 20 12 15 24 14 20 23 13 23 21 ,7,16,101,1.587596,38.804992,0.898376,37.906616,0.000000,1247855,0.009155
16 26 21 17 22 18 24 15 17 21 14 20 12 17 18 26 22 22 21 15 16 24 14 12 15 19 20 25 26 13 14 23 13 23 18 24 ,7,16,101,1.587596,56.828430,1.282531,55.545928,0.000000,1253612,0.009887
19 23 13 20 12 11 ,7,16,101,1.587596,8.101837,0.209960,7.891876,0.000000,1254521,0.005889
22 13 23 ,7,16,101,1.587596,4.290313,0.100219,4.190093,0.000000,1255026,0.003875
14 25 16 24 11 17 21 17 22 21 11 20 20 12 11 15 24 14 23 13 25 26 21 11 14 25 24 22 21 14 20 25 16 24 11 11 15 24 15 26 18 19 20 11 14 12 ,7,16,101,1.587596,72.383148,1.629608,70.753540,0.000000,1262298,0.009857
20 23 18 24 14 ,7,16,101,1.587596,6.790802,0.161590,6.629180,0.000000,1263005,0.003906
25 19 25 24 15 24 15 19 12 20 25 16 26 21 11 15 26 ,7,16,101,1.587596,26.734649,0.609985,26.124664,0.000000,1265732,0.006072
24 14 20 12 11 11 14 12 14 25 26 21 14 25 19 22 21 15 ,7,16,101,1.587596,28.375305,0.663177,27.712097,0.000000,1268661,0.005340
17 22 13 12 15 19 25 19 25 26 18 16 23 21 11 14 20 25 ,7,16,101,1.587596,28.804992,0.666107,28.138854,0.000000,1271590,0.004638
19 25 26 22 12 14 12 17 13 20 25 ,7,16,101,1.587596,16.023742,0.362243,15.661499,0.000000,1273206,0.008819
11 14 12 ,7,16,101,1.587596,3.281463,0.091979,3.189453,0.000000,1273610,0.003326
19 20 20 ,7,16,101,1.587596,3.523712,0.093780,3.429931,0.000000,1274014,0.006988
19 15 16 16 19 23 18 26 13 23 20 23 13 25 19 23 18 16 19 23 22 13 23 21 14 23 21 14 12 15 16 26 21 11 18 24 14 12 ,7,16,101,1.587596,60.281555,1.358612,58.922973,0.000000,1280074,0.008941
17 13 12 11 17 18 26 22 21 11 11 17 22 13 20 12 17 22 21 11 11 11 14 14 23 13 20 20 23 22 22 21 11 ,7,16,101,1.587596,51.476867,1.151611,50.325256,0.000000,1285225,0.007171
23 18 26 13 17 21 17 18 24 17 18 ,7,16,101,1.587596,17.500213,0.430999,17.069213,0.000000,1287043,0.007049
20 25 16 26 13 ,7,16,101,1.587596,7.687774,0.169769,7.518005,0.000000,1287851,0.005218
22 22 22 22 13 23 13 12 15 11 14 25 16 24 17 18 16 16 24 14 20 25 16 24 17 22 22 21 14 12 11 23 21 15 24 11 14 ,7,16,101,1.587596,58.125518,1.335205,56.790313,0.000000,1293709,0.003906
12 14 23 13 ,7,16,101,1.587596,5.820587,0.124389,5.696197,0.000000,1294315,0.006256
11 14 25 16 19 23 21 17 22 21 15 19 23 15 24 15 26 21 11 17 13 25 24 11 ,7,16,101,1.587596,38.336242,0.857147,37.479095,0.000000,1298153,0.009307
13 23 13 23 21 14 25 26 21 11 ,7,16,101,1.587596,15.250274,0.371612,14.878662,0.000000,1299769,0.005737
13 23 19 23 21 14 20 12 ,7,16,101,1.587596,12.133087,0.282440,11.850646,0.000000,1301082,0.008575
15 19 25 24 11 17 21 15 26 18 12 14 25 24 14 ,7,16,101,1.587596,22.976867,0.535797,22.441070,0.000000,1303405,0.005401
15 16 16 19 25 16 26 13 25 19 12 15 16 26 13 23 18 16 25 24 15 16 19 25 19 23 18 26 18 ,7,16,101,1.587596,45.476867,1.021331,44.455535,0.000000,1308051,0.006561
15 11 15 16 24 17 13 25 26 18 ,7,16,101,1.587596,15.204315,0.373809,14.830505,0.000000,1309667,0.003875
13 12 17 21 14 23 21 17 21 11 13 12 11 11 17 22 22 22 13 23 13 25 26 21 11 22 21 17 13 20 23 18 24 ,7,16,101,1.587596,52.711242,1.183166,51.528076,0.000000,1315020,0.004577
20 12 11 15 24 11 14 15 16 16 24 15 16 ,7,16,101,1.587596,19.922180,0.479370,19.442779,0.000000,1317040,0.007873
21 15 24 14 20 23 22 ,7,16,101,1.587596,10.883087,0.228576,10.654510,0.000000,1318151,0.007324
23 18 16 ,7,16,101,1.587596,4.383087,0.111907,4.271179,0.000000,1318656,0.004211
14 23 22 22 18 15 24 14 23 21 14 25 24 14 25 16 16 16 18 24 14 25 16 19 12 15 16 26 22 21 17 18 26 13 23 22 22 ,7,16,101,1.587596,58.695617,1.340362,57.355255,0.000000,1324615,0.008392
11 11 17 26 21 ,7,16,101,1.587596,7.258087,0.180358,7.077728,0.000000,1325423,0.006622
15 19 12 17 21 17 18 19 20 23 13 12 11 15 14 12 11 15 26 22 13 25 24 14 20 25 24 14 20 19 20 20 ,7,16,101,1.587596,51.094055,1.170745,49.923309,0.000000,1330574,0.004791
24 14 12 17 22 21 11 17 22 21 11 15 24 17 13 23 22 13 25 24 11 14 12 12 14 20 20 12 ,7,16,101,1.587596,44.423431,0.993164,43.430267,0.000000,1335018,0.003875
21 17 21 11 17 18 26 13 ,7,16,101,1.587596,12.406524,0.313598,12.092926,0.000000,1336331,0.005523
11 11 14 23 22 22 22 22 22 21 11 11 11 17 21 17 22 18 16 16 16 16 16 19 20 ,7,16,101,1.587596,39.378143,0.883514,38.494628,0.000000,1340270,0.006408
18 19 20 12 15 15 24 17 18 16 16 19 ,7,16,101,1.587596,18.140930,0.404296,17.736633,0.000000,1342088,0.006256
20 25 26 21 15 16 24 14 20 12 11 14 23 13 ,7,16,101,1.587596,22.360595,0.509094,21.851501,0.000000,1344411,0.003875
13 12 ,7,16,101,1.587596,2.039306,0.059539,1.979766,0.000000,1344714,0.004211
16 16 24 15 24 15 24 15 16 ,7,16,101,1.587596,13.140899,0.335083,12.805816,0.000000,1346128,0.004943
17 21 ,7,16,101,1.587596,2.133087,0.062408,2.070678,0.000000,1346431,0.006256
25 16 16 16 24 14 20 20 20 20 23 21 15 19 25 24 ,7,16,101,1.587596,24.383087,0.552886,23.830230,0.000000,1348956,0.006378
18 24 15 24 17 18 16 24 11 14 20 12 15 ,7,16,101,1.587596,20.734649,0.461669,20.272979,0.000000,1351077,0.007476
19 12 21 14 12 11 14 20 23 22 21 ,7,16,101,1.587596,17.375305,0.431701,16.943572,0.000000,1352895,0.007324
16 16 12 15 26 13 12 14 25 24 14 23 13 23 18 16 19 12 17 22 18 26 13 25 16 26 18 24 25 24 11 11 15 24 15 19 23 13 ,7,16,101,1.587596,60.195648,1.356842,58.838806,0.000000,1358955,0.009307
25 19 23 22 22 18 16 16 24 14 12 17 21 17 13 25 16 16 16 26 21 17 21 ,7,16,101,1.587596,35.945587,0.825622,35.119995,0.000000,1362591,0.008941
24 15 26 22 22 ,7,16,101,1.587596,8.008087,0.177429,7.830657,0.000000,1363399,0.007141
19 20 23 18 26 22 22 22 18 24 25 24 17 22 22 21 14 25 19 20 23 18 26 18 26 22 18 19 20 23 13 12 15 26 14 25 19 12 11 14 25 26 21 14 20 25 16 26 22 13 25 26 13 20 25 26 ,7,16,101,1.587596,89.445648,2.035003,87.410644,0.000000,1372388,0.008361
19 20 12 14 25 24 14 12 11 17 18 19 12 17 13 25 ,7,16,101,1.587596,25.570587,0.573486,24.997131,0.000000,1375014,0.006347
15 25 16 26 ,7,16,101,1.587596,5.343994,0.142242,5.201782,0.000000,1375620,0.008911
20 12 11 15 19 25 ,7,16,101,1.587596,9.563903,0.221862,9.342071,0.000000,1376630,0.003875
19 23 21 11 15 24 16 16 26 21 14 12 15 24 11 ,7,16,101,1.587596,22.750305,0.526611,22.223693,0.000000,1378953,0.007263
13 20 20 20 20 23 18 26 13 12 17 21 17 13 23 18 16 16 24 15 19 20 20 25 26 22 22 18 24 15 24 17 18 24 14 12 14 23 12 ,7,16,101,1.587596,61.250305,1.382171,59.868164,0.000000,1385114,0.007080
23 22 18 24 14 ,7,16,101,1.587596,6.664337,0.169891,6.494445,0.000000,1385821,0.007476
11 17 22 13 12 17 21 15 19 23 18 26 18 13 ,7,16,101,1.587596,21.445587,0.474731,20.970886,0.000000,1388043,0.006378
12 14 20 25 26 22 18 19 23 22 13 12 11 17 18 ,7,16,101,1.587596,23.929962,0.546600,23.383361,0.000000,1390467,0.008758
13 20 12 11 14 25 26 18 16 24 15 24 11 11 17 18 26 21 15 26 13 12 14 20 20 20 23 16 19 12 11 15 16 26 18 26 13 20 23 18 24 15 24 11 11 14 20 23 22 13 12 17 18 24 ,7,16,101,1.587596,85.743316,1.963897,83.779449,0.000000,1399052,0.003875
16 14 23 18 26 ,7,16,101,1.587596,7.992462,0.170013,7.822479,0.000000,1399860,0.009094
14 23 21 15 26 13 23 21 17 21 15 16 26 13 19 23 13 23 22 18 24 11 15 26 16 26 18 19 25 16 24 14 23 22 18 16 24 15 20 25 19 25 26 21 14 25 16 16 ,7,16,101,1.587596,76.625335,1.723754,74.901580,0.000000,1407536,0.007446
21 14 20 12 14 15 26 13 25 ,7,16,101,1.587596,13.476837,0.339050,13.137786,0.000000,1408950,0.008209
25 24 17 22 22 13 20 19 12 17 22 18 19 25 26 18 ,7,16,101,1.587596,24.531524,0.549468,23.982086,0.000000,1411475,0.008300
20 23 ,7,16,101,1.587596,2.117431,0.064910,2.052551,0.000000,1411778,0.009704
17 13 25 ,7,16,101,1.587596,3.476837,0.093292,3.383544,0.000000,1412182,0.008758
25 24 15 26 ,7,16,101,1.587596,5.641326,0.128051,5.513275,0.000000,1412788,0.003875
13 15 24 14 12 15 16 19 25 26 ,7,16,101,1.587596,15.523742,0.346710,15.177032,0.000000,1414404,0.007629
24 15 24 14 25 16 24 15 ,7,16,101,1.587596,12.407684,0.314056,12.093627,0.000000,1415717,0.003906
23 18 19 25 19 12 21 14 25 26 21 14 20 12 17 22 22 ,7,16,101,1.587596,26.203399,0.586730,25.616699,0.000000,1418343,0.008514
22 13 25 26 13 25 19 25 19 20 25 26 21 17 18 16 24 11 17 13 25 26 22 21 11 11 15 26 13 20 20 18 19 23 13 12 14 12 14 23 ,7,16,101,1.587596,63.445617,1.436035,62.009613,0.000000,1424706,0.003936
15 16 16 16 ,7,16,101,1.587596,5.164306,0.139343,5.024993,0.000000,1425312,0.006500
15 26 18 24 15 19 12 11 17 ,7,16,101,1.587596,12.922058,0.282623,12.639434,0.000000,1426625,0.009429
18 16 16 24 14 25 19 ,7,16,101,1.587596,10.765899,0.245697,10.520233,0.000000,1427736,0.008880
21 11 11 14 12 17 21 ,7,16,101,1.587596,10.226837,0.263183,9.963653,0.000000,1428847,0.008361
24 17 21 15 26 22 18 19 20 23 22 13 25 26 24 11 15 16 26 21 15 26 21 14 ,7,16,101,1.587596,37.445831,0.853851,36.591979,0.000000,1432685,0.003906
21 11 11 11 17 18 17 22 22 18 26 22 13 23 13 20 23 18 19 12 17 13 20 23 22 13 20 20 20 ,7,16,101,1.587596,45.140930,1.003173,44.137786,0.000000,1437230,0.007080
23 15 26 13 25 ,7,16,101,1.587596,7.125244,0.186920,6.938354,0.000000,1438038,0.005249
16 ,7,16,101,1.587596,1.234619,0.041473,1.193176,0.000000,1438240,0.008666
17 21 17 18 ,7,16,101,1.587596,6.383026,0.166992,6.216003,0.000000,1438947,0.009063
16 24 11 17 22 18 19 20 23 21 11 15 26 13 20 23 21 17 20 25 26 21 14 12 14 20 25 16 16 24 11 15 16 16 19 12 15 ,7,16,101,1.587596,58.547180,1.309173,57.238037,0.000000,1444805,0.007629
12 11 ,7,16,101,1.587596,3.148712,0.089843,3.058868,0.000000,1445209,0.006683
12 14 21 17 21 17 18 19 12 17 13 12 14 ,7,16,101,1.587596,19.523712,0.428894,19.094818,0.000000,1447229,0.009948
12 17 13 25 26 22 13 25 19 25 16 26 13 25 26 13 25 16 19 12 14 20 12 15 21 15 16 19 12 17 13 20 12 11 11 14 25 16 26 22 18 19 12 15 16 ,7,16,101,1.587596,71.281829,1.627502,69.654327,0.000000,1454400,0.003875
26 21 17 22 22 21 15 24 15 24 11 17 18 16 26 22 22 21 17 ,7,16,101,1.587596,29.009124,0.653991,28.355133,0.000000,1457329,0.003906
23 21 14 20 23 18 19 12 25 24 17 13 ,7,16,101,1.587596,18.165527,0.438781,17.726745,0.000000,1459147,0.003875
16 ,7,16,101,1.587596,0.562774,0.018188,0.544586,0.000000,1459248,0.008361
11 11 14 20 ,7,16,101,1.587596,5.587066,0.123718,5.463378,0.000000,1459854,0.003875
26 13 12 16 19 23 13 20 20 23 18 ,7,16,101,1.587596,16.226745,0.385711,15.841064,0.000000,1461571,0.005035
21 11 11 17 ,7,16,101,1.587596,5.875274,0.146697,5.728576,0.000000,1462177,0.007598
16 19 23 21 ,7,16,101,1.587596,5.743988,0.129516,5.614471,0.000000,1462783,0.003906
18 24 15 19 25 24 ,7,16,101,1.587596,8.437774,0.184112,8.253662,0.000000,1463692,0.006134
13 20 25 24 11 17 13 25 19 23 11 15 16 ,7,16,101,1.587596,19.570617,0.480926,19.089660,0.000000,1465712,0.009429
23 18 19 23 18 19 23 13 25 ,7,16,101,1.587596,13.648712,0.289306,13.359405,0.000000,1467126,0.010101
19 20 20 23 13 23 22 22 ,7,16,101,1.587596,12.703399,0.310546,12.392852,0.000000,1468439,0.005218
22 18 24 11 14 12 14 23 21 14 20 23 18 26 13 20 25 16 16 26 13 12 17 13 12 ,7,16,101,1.587596,38.570617,0.894226,37.676391,0.000000,1472378,0.006134
20 19 23 18 19 20 23 22 18 26 22 18 26 13 20 12 15 16 26 22 21 14 23 22 20 25 19 23 18 26 18 16 26 21 11 11 17 ,7,16,101,1.587596,59.165740,1.333770,57.831970,0.000000,1478337,0.003875
24 17 13 25 16 26 13 12 14 25 26 21 17 13 12 13 23 13 20 25 16 26 13 25 19 25 18 26 22 ,7,16,101,1.587596,45.570678,1.044647,44.526062,0.000000,1482983,0.003875
24 14 23 13 20 25 16 19 25 26 13 12 11 14 16 26 ,7,16,101,1.587596,24.851837,0.576141,24.275726,0.000000,1485508,0.003936
24 17 13 20 12 15 19 23 22 21 15 26 21 15 19 23 13 ,7,16,101,1.587596,26.281524,0.594116,25.687438,0.000000,1488235,0.007568
18 18 19 23 18 19 ,7,16,101,1.587596,8.250549,0.213653,8.036895,0.000000,1489144,0.003875
22 22 ,7,16,101,1.587596,2.922149,0.062774,2.859375,0.000000,1489447,0.004882
19 23 21 14 25 19 12 15 16 26 22 18 16 ,7,16,101,1.587596,20.781433,0.466522,20.314941,0.000000,1491568,0.005950
26 22 18 19 12 26 13 23 18 26 21 15 24 17 22 21 15 26 13 23 18 24 15 19 25 16 24 11 14 12 17 22 18 24 17 22 18 24 ,7,16,101,1.587596,60.000305,1.354553,58.645782,0.000000,1497628,0.004760
15 14 23 22 13 25 24 15 16 19 20 25 16 ,7,16,101,1.587596,19.321075,0.471801,18.849304,0.000000,1499648,0.003875
24 14 25 16 16 24 11 17 21 17 13 20 12 14 23 21 15 21 17 21 17 13 25 26 18 16 26 13 23 13 ,7,16,101,1.587596,46.978302,1.055633,45.922668,0.000000,1504395,0.003875
22 22 22 22 22 18 19 12 11 14 25 16 24 14 23 18 16 16 16 26 22 13 20 25 26 21 14 25 24 14 25 24 17 18 26 21 14 ,7,16,101,1.587596,57.890930,1.325469,56.565460,0.000000,1510253,0.004547
13 12 19 25 ,7,16,101,1.587596,4.883087,0.104949,4.778137,0.000000,1510758,0.005737
26 22 18 19 12 11 15 19 23 21 15 16 19 25 24 15 24 15 26 20 20 12 17 13 23 18 19 ,7,16,101,1.587596,41.797180,0.967803,40.829376,0.000000,1515000,0.007934
16 24 14 20 25 16 16 16 26 22 18 24 15 26 22 14 25 24 11 ,7,16,101,1.587596,29.008087,0.654022,28.354095,0.000000,1517929,0.007171
23 18 26 21 15 16 24 15 24 11 11 15 16 16 26 18 26 13 25 16 24 14 20 23 18 24 17 18 26 13 12 17 13 20 23 21 15 24 14 25 16 19 12 11 17 ,7,16,101,1.587596,71.726867,1.646881,70.080017,0.000000,1525201,0.006408
18 16 24 11 17 21 15 26 21 11 11 14 12 23 22 21 14 23 13 25 16 26 22 17 22 13 12 17 18 19 12 17 21 11 14 25 24 11 15 24 14 25 13 25 19 25 26 21 15 26 18 16 24 14 25 26 13 23 25 26 13 25 16 ,7,16,101,1.587596,99.562835,2.260406,97.302459,0.000000,1535200,0.004730
13 20 20 25 26 13 23 21 12 11 17 13 20 25 16 16 16 19 12 17 21 11 11 11 14 12 18 19 20 23 18 19 12 15 26 21 17 18 13 25 19 25 24 14 25 26 13 23 22 22 22 13 12 17 13 25 26 18 26 13 23 21 ,7,16,101,1.587596,99.234710,2.254791,96.979949,0.000000,1545199,0.004425
18 16 24 15 26 18 19 12 11 11 14 20 ,7,16,101,1.587596,18.750213,0.422668,18.327545,0.000000,1547118,0.009887
12 15 19 20 20 20 25 19 25 19 20 23 22 17 22 18 19 20 23 18 19 25 26 22 ,7,16,101,1.587596,37.328430,0.838928,36.489501,0.000000,1550855,0.007324
14 23 25 24 15 26 ,7,16,101,1.587596,8.141479,0.211975,7.929504,0.000000,1551764,0.003875
14 25 26 22 13 20 12 11 17 21 11 17 21 15 26 25 19 20 20 23 22 21 11 15 24 11 15 16 26 18 19 25 24 17 21 17 13 20 20 23 21 17 22 13 25 26 18 19 25 26 18 16 16 16 24 11 15 24 14 11 11 15 26 13 12 14 23 18 24 17 21 14 25 19 20 21 15 16 26 13 23 22 18 ,7,16,101,1.587596,132.062866,2.992736,129.070159,0.000000,1564995,0.006744
25 19 25 26 21 14 17 18 26 18 24 17 22 ,7,16,101,1.587596,20.094024,0.457031,19.636993,0.000000,1567015,0.010040
22 22 22 13 25 19 12 15 19 12 11 13 20 23 18 16 16 24 11 15 19 23 13 ,7,16,101,1.587596,36.195526,0.816711,35.378814,0.000000,1570651,0.009643
14 12 ,7,16,101,1.587596,2.227600,0.058746,2.168823,0.000000,1570954,0.003875
18 24 15 17 21 17 21 11 17 21 15 19 12 15 19 23 21 14 12 15 ,7,16,101,1.587596,30.836242,0.711029,30.125183,0.000000,1574085,0.005828
22 21 ,7,16,101,1.587596,1.914337,0.041992,1.872314,0.000000,1574287,0.009277
15 16 19 12 13 23 13 12 11 17 22 21 11 14 ,7,16,101,1.587596,21.531555,0.520202,21.011322,0.000000,1576509,0.008239
23 ,7,16,101,1.587596,0.995758,0.020965,0.974792,0.000000,1576610,0.006042
12 15 16 24 14 25 24 11 14 12 14 25 24 14 20 25 16 24 15 26 18 16 26 13 12 ,7,16,101,1.587596,39.844055,0.896972,38.947082,0.000000,1580650,0.004730
16 26 21 11 14 23 21 14 25 20 25 16 26 18 16 26 22 21 15 16 19 12 15 26 21 11 14 25 19 25 24 11 ,7,16,101,1.587596,50.618469,1.176696,49.441741,0.000000,1585801,0.003906
18 19 ,7,16,101,1.587596,2.172149,0.065429,2.106719,0.000000,1586104,0.004211
17 22 ,7,16,101,1.587596,2.906524,0.065032,2.841491,0.000000,1586407,0.005493
21 15 26 22 21 11 ,7,16,101,1.587596,9.515899,0.205444,9.310455,0.000000,1587417,0.007110
18 ,7,16,101,1.587596,1.470184,0.039428,1.430725,0.000000,1587619,0.003906
12 15 25 24 17 13 23 22 21 11 14 12 11 15 19 23 13 16 19 23 21 17 13 20 25 ,7,16,101,1.587596,39.023986,0.891937,38.132049,0.000000,1591558,0.003875
20 20 12 17 21 11 14 12 17 13 25 16 19 25 24 17 22 22 ,7,16,101,1.587596,28.766876,0.654357,28.112518,0.000000,1594487,0.003875
21 15 19 25 16 19 20 23 25 16 19 20 23 18 19 23 13 25 24 11 14 20 20 12 14 12 14 20 26 18 24 11 17 18 26 21 17 22 12 11 14 12 11 11 17 18 19 12 11 15 26 21 14 25 24 19 20 23 13 12 15 19 20 20 25 26 13 25 16 24 11 14 20 25 16 19 20 23 13 12 17 13 20 20 23 22 21 17 13 12 14 20 20 25 26 18 16 16 24 17 13 25 16 16 13 20 23 13 12 11 14 23 21 11 17 13 23 22 18 ,7,16,101,1.587596,189.273895,4.315795,184.958068,0.000000,1613475,0.007141
24 14 25 24 15 16 19 20 12 17 18 24 17 22 21 14 25 26 ,7,16,101,1.587596,28.742492,0.667602,28.074890,0.000000,1616404,0.006378
24 17 13 20 25 26 23 13 20 12 11 15 19 ,7,16,101,1.587596,19.453399,0.427856,19.025573,0.000000,1618424,0.009613
17 13 23 18 19 12 17 21 14 23 22 14 12 11 15 16 24 15 26 13 25 26 13 23 18 19 12 11 ,7,16,101,1.587596,44.570556,1.043182,43.527374,0.000000,1622969,0.005279
23 21 14 25 16 19 12 17 21 ,7,16,101,1.587596,13.211212,0.289825,12.921386,0.000000,1624383,0.005950
26 13 20 25 24 14 12 11 15 ,7,16,101,1.587596,13.765899,0.327484,13.438415,0.000000,1625797,0.006713
11 15 26 18 26 18 16 19 23 22 13 20 20 ,7,16,101,1.587596,20.383087,0.458709,19.924377,0.000000,1627918,0.007781
23 18 24 15 19 12 11 14 12 17 24 17 18 16 24 15 16 24 11 11 ,7,16,101,1.587596,30.462402,0.708465,29.753936,0.000000,1631049,0.003875
25 19 ,7,16,101,1.587596,2.172149,0.057525,2.114624,0.000000,1631352,0.003967
19 13 12 14 20 20 23 21 17 18 26 22 ,7,16,101,1.587596,18.383087,0.455291,17.927795,0.000000,1633271,0.009429
22 22 24 15 ,7,16,101,1.587596,5.203399,0.120513,5.082885,0.000000,1633877,0.004180
20 23 21 11 15 19 12 14 23 18 16 26 ,7,16,101,1.587596,18.656524,0.423553,18.233001,0.000000,1635796,0.009552
24 14 20 12 14 20 12 11 11 17 22 21 15 19 23 18 26 21 15 19 20 25 24 13 20 12 17 13 23 22 13 25 16 19 20 12 17 13 23 18 26 22 18 24 17 11 14 12 14 25 26 ,7,16,101,1.587596,80.164398,1.833862,78.330535,0.000000,1643876,0.007080
24 15 19 ,7,16,101,1.587596,3.586212,0.080474,3.505737,0.000000,1644280,0.006134
25 16 19 25 ,7,16,101,1.587596,5.773712,0.124237,5.649475,0.000000,1644886,0.008666
15 19 15 19 12 17 21 11 14 12 14 12 15 16 24 11 17 13 12 15 26 21 15 19 12 11 17 18 24 ,7,16,101,1.587596,45.820617,1.060882,44.759735,0.000000,1649532,0.009948
19 23 22 18 26 ,7,16,101,1.587596,7.422149,0.187713,7.234436,0.000000,1650340,0.008148
18 19 12 14 12 11 17 13 12 ,7,16,101,1.587596,13.687774,0.289855,13.397918,0.000000,1651754,0.008850
16 16 26 13 20 25 26 13 ,7,16,101,1.587596,12.468994,0.309692,12.159332,0.000000,1653067,0.003906
11 14 12 17 22 16 16 26 18 16 19 12 17 22 21 15 19 25 24 ,7,16,101,1.587596,29.250915,0.654663,28.596282,0.000000,1655996,0.003875
24 17 22 13 12 11 15 24 11 17 13 25 16 ,7,16,101,1.587596,19.742462,0.453430,19.289031,0.000000,1658016,0.006469
14 12 14 20 23 22 21 14 20 23 13 23 20 20 ,7,16,101,1.587596,21.320617,0.512542,20.808074,0.000000,1660238,0.005432
19 ,7,16,101,1.587596,1.164337,0.040924,1.123413,0.000000,1660440,0.008911
14 20 23 13 ,7,16,101,1.587596,6.187774,0.140014,6.047760,0.000000,1661147,0.009246
14 20 20 20 20 ,7,16,101,1.587596,6.656524,0.144287,6.512237,0.000000,1661854,0.009552
18 ,7,16,101,1.587596,0.750274,0.019561,0.730682,0.000000,1661955,0.007385
25 19 12 14 20 20 25 19 20 23 16 24 15 26 22 22 13 12 14 23 13 25 24 ,7,16,101,1.587596,36.656555,0.841400,35.815124,0.000000,1665692,0.004821
25 24 14 25 24 17 21 15 19 23 21 11 17 22 22 18 26 21 11 17 13 25 ,7,16,101,1.587596,34.000274,0.774322,33.225952,0.000000,1669126,0.008819
19 13 20 12 14 23 22 13 25 24 11 17 13 20 12 17 21 17 22 13 23 18 24 11 ,7,16,101,1.587596,38.422149,0.890716,37.531463,0.000000,1673065,0.009735
19 23 18 26 22 22 22 21 14 20 25 16 16 19 12 15 16 ,7,16,101,1.587596,26.875274,0.602539,26.272735,0.000000,1675792,0.005554
13 20 23 18 ,7,16,101,1.587596,6.367431,0.164733,6.202728,0.000000,1676499,0.005889
12 14 12 14 13 12 17 18 26 18 16 24 15 26 12 11 11 17 21 15 26 13 12 11 14 20 20 25 16 26 21 17 25 16 26 18 26 21 ,7,16,101,1.587596,60.523742,1.359588,59.164154,0.000000,1682559,0.007904
24 17 13 20 25 26 22 18 19 20 25 19 12 15 16 24 ,7,16,101,1.587596,24.484649,0.575073,23.909576,0.000000,1685084,0.008087
17 19 12 14 25 26 21 11 15 19 23 18 24 17 13 12 19 12 15 19 25 24 14 12 ,7,16,101,1.587596,38.258666,0.859863,37.398803,0.000000,1688922,0.003906
22 18 19 23 22 18 19 12 13 25 16 26 ,7,16,101,1.587596,17.985351,0.433471,17.551879,0.000000,1690740,0.003875
25 24 15 26 18 16 26 22 13 25 16 19 20 25 16 19 23 21 19 20 25 24 14 12 14 12 14 12 14 12 17 13 23 13 20 12 17 22 13 12 11 ,7,16,101,1.587596,64.976867,1.474212,63.502685,0.000000,1697305,0.009887
11 11 15 16 24 ,7,16,101,1.587596,7.001739,0.162780,6.838958,0.000000,1698012,0.003906
23 22 22 21 14 25 24 17 18 16 16 24 17 21 15 16 16 16 19 12 15 16 12 14 23 21 11 15 16 16 16 16 19 12 ,7,16,101,1.587596,53.890930,1.217224,52.673736,0.000000,1703466,0.009704
18 19 12 11 17 13 20 20 23 16 16 19 12 15 19 25 19 20 12 17 18 16 24 15 17 13 12 17 13 25 26 ,7,16,101,1.587596,49.500305,1.139129,48.361175,0.000000,1708516,0.010101
15 26 13 20 20 20 20 12 17 22 22 18 ,7,16,101,1.587596,18.976867,0.430328,18.546539,0.000000,1710435,0.007720
12 15 16 26 18 16 ,7,16,101,1.587596,8.945770,0.216796,8.728973,0.000000,1711344,0.003906
16 16 26 ,7,16,101,1.587596,3.634185,0.081878,3.552307,0.000000,1711748,0.003875
17 22 22 13 23 18 26 13 20 23 18 16 26 21 11 15 24 17 21 25 19 23 18 24 15 24 15 26 21 14 20 12 15 19 25 26 18 26 18 24 14 25 26 13 20 25 16 19 25 19 12 11 11 17 22 21 11 11 17 19 20 12 15 26 13 20 23 13 ,7,16,101,1.587596,107.414459,2.429992,104.984466,0.000000,1722555,0.003875
12 14 13 12 15 24 15 16 26 18 16 ,7,16,101,1.587596,16.953308,0.400604,16.552734,0.000000,1724272,0.005828
14 23 22 13 23 21 15 16 24 14 23 13 20 20 25 16 16 24 ,7,16,101,1.587596,27.445587,0.621124,26.824493,0.000000,1727100,0.007324
12 17 18 24 15 16 16 24 17 18 19 20 23 21 15 19 25 19 23 ,7,16,101,1.587596,29.953399,0.678466,29.274963,0.000000,1730130,0.004394
17 18 24 11 15 ,7,16,101,1.587596,6.898681,0.171264,6.727447,0.000000,1730837,0.004730
14 12 17 13 25 26 18 19 25 19 23 18 16 24 14 25 19 25 16 19 12 ,7,16,101,1.587596,32.868164,0.748474,32.119689,0.000000,1734170,0.003875
15 26 ,7,16,101,1.587596,1.765869,0.047119,1.718780,0.000000,1734372,0.006591
18 26 14 ,7,16,101,1.587596,4.602264,0.119689,4.482574,0.000000,1734877,0.003906
26 22 ,7,16,101,1.587596,1.664337,0.040191,1.624145,0.000000,1735079,0.006958
21 11 11 14 20 25 24 15 19 25 19 25 ,7,16,101,1.587596,18.523712,0.407989,18.115753,0.000000,1736998,0.004577
20 23 13 20 23 22 21 11 17 11 15 26 22 22 21 14 20 23 ,7,16,101,1.587596,27.750274,0.631378,27.118896,0.000000,1739826,0.005981
17 13 20 12 15 24 14 24 17 13 12 14 20 12 15 16 16 26 18 ,7,16,101,1.587596,29.250305,0.671386,28.578887,0.000000,1742755,0.005279
15 26 18 19 23 22 13 20 25 16 16 26 13 23 21 15 19 25 16 16 24 17 13 23 18 26 18 24 11 ,7,16,101,1.587596,45.547088,1.044067,44.503051,0.000000,1747401,0.006561
13 25 24 17 21 11 17 18 24 15 19 12 17 18 19 23 13 23 13 25 24 11 17 21 11 11 15 19 25 16 24 14 20 17 18 16 19 25 24 17 21 11 15 24 14 25 ,7,16,101,1.587596,72.906829,1.670928,71.235900,0.000000,1754774,0.003875
15 26 20 12 15 16 19 25 24 ,7,16,101,1.587596,13.187774,0.304138,12.883636,0.000000,1756188,0.004333
20 25 26 18 24 15 16 16 26 18 19 25 ,7,16,101,1.587596,17.758117,0.411651,17.346466,0.000000,1758006,0.004211
26 21 11 11 11 ,7,16,101,1.587596,6.804962,0.171356,6.633605,0.000000,1758713,0.004547
21 17 18 26 13 20 12 24 15 26 21 17 18 19 25 26 13 12 17 18 26 18 24 14 25 26 13 25 26 13 23 22 22 13 12 11 17 22 22 13 20 ,7,16,101,1.587596,64.735107,1.474456,63.260681,0.000000,1765278,0.003875
12 11 17 21 17 ,7,16,101,1.587596,7.057342,0.157196,6.900146,0.000000,1765985,0.003906
24 15 24 11 14 23 17 18 26 21 11 15 26 13 23 21 14 23 22 18 19 25 19 12 ,7,16,101,1.587596,37.086151,0.837249,36.248901,0.000000,1769722,0.009033
24 14 25 16 11 11 17 ,7,16,101,1.587596,10.820587,0.237609,10.583007,0.000000,1770833,0.008544
26 22 22 22 13 23 21 15 26 21 14 23 18 12 11 ,7,16,101,1.587596,23.751098,0.554107,23.196990,0.000000,1773257,0.003906
23 18 ,7,16,101,1.587596,1.804962,0.041290,1.763671,0.000000,1773459,0.006500
14 12 17 22 22 13 23 22 22 13 20 25 16 26 18 26 13 25 24 17 21 14 23 18 17 13 ,7,16,101,1.587596,40.156555,0.904632,39.251922,0.000000,1777499,0.005218
25 19 12 17 13 23 13 25 19 23 22 18 19 23 19 25 19 25 16 24 14 12 15 16 16 26 22 18 26 22 22 22 22 14 25 19 23 ,7,16,101,1.587596,58.898742,1.355468,57.543273,0.000000,1783458,0.009399
16 26 21 15 19 20 23 18 16 19 15 26 18 26 21 15 26 ,7,16,101,1.587596,26.203430,0.608673,25.594757,0.000000,1786084,0.007415
19 20 ,7,16,101,1.587596,1.774536,0.040985,1.733551,0.000000,1786286,0.003875
25 24 11 17 22 13 ,7,16,101,1.587596,8.804962,0.186706,8.618255,0.000000,1787195,0.006866
15 16 26 13 25 24 17 13 23 18 16 ,7,16,101,1.587596,16.992462,0.403259,16.589233,0.000000,1788912,0.008819
20 20 25 16 16 26 18 23 13 23 21 15 24 11 14 23 13 20 22 13 25 16 24 14 12 17 21 17 22 18 24 21 ,7,16,101,1.587596,51.015930,1.145904,49.870025,0.000000,1794063,0.007080
21 11 14 20 25 19 25 ,7,16,101,1.587596,10.742462,0.255187,10.487274,0.000000,1795174,0.006469
22 21 15 16 19 25 26 22 ,7,16,101,1.587596,12.187774,0.301483,11.886291,0.000000,1796487,0.009429
15 24 11 15 26 13 20 12 17 18 19 19 20 12 17 21 17 21 15 16 16 26 22 13 25 26 ,7,16,101,1.587596,41.187805,0.921020,40.266784,0.000000,1800628,0.005920
21 26 22 22 22 ,7,16,101,1.587596,6.984649,0.149536,6.835113,0.000000,1801335,0.006286
16 16 26 21 14 12 11 14 12 17 22 17 18 26 21 ,7,16,101,1.587596,23.672149,0.558166,23.113983,0.000000,1803759,0.008666
22 22 13 12 14 25 19 25 24 11 19 12 15 26 21 17 ,7,16,101,1.587596,25.359680,0.602722,24.756958,0.000000,1806385,0.006652
15 19 25 26 22 18 16 24 11 11 17 22 22 22 22 18 19 25 19 25 24 14 23 18 19 20 23 18 16 26 22 22 22 11 17 22 18 26 22 ,7,16,101,1.587596,61.945617,1.400756,60.544891,0.000000,1812647,0.004272
14 25 ,7,16,101,1.587596,2.054931,0.064270,1.990692,0.000000,1812950,0.005523
15 24 17 18 19 20 12 14 25 19 20 12 11 15 16 24 12 11 15 24 15 19 25 26 ,7,16,101,1.587596,37.445617,0.863189,36.582427,0.000000,1816788,0.008666
15 24 14 ,7,16,101,1.587596,4.625274,0.101348,4.523925,0.000000,1817293,0.005584
21 15 19 20 20 20 12 15 19 25 16 24 15 16 19 23 13 23 18 ,7,16,101,1.587596,29.345275,0.688415,28.656890,0.000000,1820323,0.003875
26 18 19 25 24 14 20 23 13 23 21 17 21 15 24 15 19 25 26 18 26 21 14 20 20 12 15 18 24 14 12 15 19 12 11 15 19 20 23 22 18 13 23 22 13 23 13 12 14 20 ,7,16,101,1.587596,79.062835,1.779846,77.282989,0.000000,1828302,0.010070
14 20 23 22 13 23 21 17 21 14 25 19 20 25 19 20 20 23 21 14 12 15 26 13 20 12 15 ,7,16,101,1.587596,42.609649,0.981140,41.628540,0.000000,1832645,0.010040
11 15 17 21 11 11 11 17 ,7,16,101,1.587596,11.883087,0.293273,11.589813,0.000000,1833857,0.007354
18 16 26 18 24 17 21 14 12 15 24 18 19 20 25 24 15 19 23 13 25 19 12 ,7,16,101,1.587596,36.820617,0.836212,35.984405,0.000000,1837594,0.004852
11 11 ,7,16,101,1.587596,2.265899,0.057556,2.208343,0.000000,1837897,0.006103
24 11 17 21 11 17 21 11 15 19 25 21 17 21 14 23 13 ,7,16,101,1.587596,25.820617,0.601226,25.219390,0.000000,1840523,0.004089
24 11 15 24 14 12 15 19 25 26 22 13 23 21 11 18 24 14 25 19 23 13 25 19 20 20 20 12 14 12 11 22 22 22 18 24 11 15 24 17 18 26 13 12 14 12 14 ,7,16,101,1.587596,74.367523,1.681457,72.686065,0.000000,1847997,0.006805
18 26 16 24 14 12 ,7,16,101,1.587596,8.618560,0.186553,8.432037,0.000000,1848906,0.003875
11 17 22 13 12 11 17 22 13 12 ,7,16,101,1.587596,15.398712,0.379455,15.019256,0.000000,1850522,0.006958
20 25 19 23 13 20 20 25 ,7,16,101,1.587596,11.757995,0.264068,11.493927,0.000000,1851734,0.004241
11 14 20 25 19 20 12 15 24 20 23 18 19 23 18 26 21 11 15 24 15 16 ,7,16,101,1.587596,33.789367,0.773254,33.016113,0.000000,1855168,0.008209
15 ,7,16,101,1.587596,0.039337,0.014709,0.024627,0.000000,1855269,0.006042
14 25 26 18 26 13 24 14 20 20 23 21 14 20 25 26 13 12 11 17 13 23 22 21 17 21 11 11 14 12 17 22 21 11 17 21 17 13 25 26 21 17 22 13 20 12 14 12 14 12 15 26 ,7,16,101,1.587596,82.898773,1.890350,81.008453,0.000000,1863652,0.004730
19 15 26 21 14 23 22 13 12 ,7,16,101,1.587596,13.156524,0.323669,12.832855,0.000000,1865066,0.005493
11 17 22 13 25 19 23 22 22 13 23 18 24 15 24 17 13 20 12 15 ,7,16,101,1.587596,31.299743,0.714721,30.585021,0.000000,1868197,0.008178
16 16 24 14 25 16 14 12 17 18 16 26 ,7,16,101,1.587596,18.601837,0.404144,18.197692,0.000000,1870116,0.005828
16 16 16 24 15 26 21 14 25 19 25 19 20 25 19 20 18 24 14 25 26 13 25 26 22 22 21 11 15 24 14 25 16 26 22 ,7,16,101,1.587596,54.696380,1.268737,53.427673,0.000000,1875671,0.003875
23 13 14 23 13 20 20 20 25 26 21 15 24 14 20 20 25 19 23 21 18 16 19 12 15 16 24 15 24 17 13 25 16 19 25 19 20 12 11 17 18 24 14 20 17 13 20 12 15 26 21 15 24 11 11 17 22 21 15 26 18 16 26 18 26 22 18 24 18 ,7,16,101,1.587596,108.976928,2.455444,106.521484,0.000000,1886579,0.009796
20 12 17 22 13 ,7,16,101,1.587596,7.109619,0.176208,6.933441,0.000000,1887387,0.007965
25 19 12 14 25 16 19 12 24 ,7,16,101,1.587596,12.860412,0.319580,12.540863,0.000000,1888700,0.003875
26 21 14 23 13 25 19 12 15 24 ,7,16,101,1.587596,15.765899,0.332336,15.433563,0.000000,1890316,0.007263
11 17 21 14 25 26 13 23 21 11 15 19 23 21 17 18 25 19 ,7,16,101,1.587596,27.695617,0.647644,27.047943,0.000000,1893144,0.008728
19 23 21 11 14 20 12 ,7,16,101,1.587596,10.083068,0.220977,9.862091,0.000000,1894154,0.003875
13 25 19 25 26 22 22 18 19 20 25 24 15 26 18 19 25 26 13 ,7,16,101,1.587596,29.164337,0.660919,28.503417,0.000000,1897083,0.009613
23 18 26 ,7,16,101,1.587596,4.429962,0.111083,4.318847,0.000000,1897588,0.006500
21 11 21 15 19 25 ,7,16,101,1.587596,9.422119,0.239959,9.182189,0.000000,1898598,0.008148
13 ,7,16,101,1.587596,0.289337,0.017395,0.271942,0.000000,1898699,0.005950
18 24 15 19 20 ,7,16,101,1.587596,6.906524,0.160675,6.745849,0.000000,1899406,0.006347
12 15 16 19 25 19 23 21 ,7,16,101,1.587596,12.265899,0.266632,11.999267,0.000000,1900719,0.009216
16 24 11 25 19 12 17 ,7,16,101,1.587596,10.082550,0.243530,9.839019,0.000000,1901729,0.003906
19 25 26 18 19 23 18 ,7,16,101,1.587596,9.984649,0.240844,9.743804,0.000000,1902739,0.004791
17 22 22 ,7,16,101,1.587596,3.515899,0.079833,3.436096,0.000000,1903143,0.003875
13 25 ,7,16,101,1.587596,2.859649,0.062622,2.797027,0.000000,1903446,0.005035
25 26 13 12 15 26 18 19 20 23 18 24 11 15 26 23 22 18 16 26 13 ,7,16,101,1.587596,32.726867,0.755706,31.971160,0.000000,1906780,0.009063
24 14 25 16 16 15 16 24 17 22 21 15 ,7,16,101,1.587596,17.648712,0.408142,17.240600,0.000000,1908598,0.008850
19 23 22 22 21 17 21 23 21 11 14 12 17 18 ,7,16,101,1.587596,22.148712,0.494506,21.654205,0.000000,1910819,0.009918
23 18 16 19 25 26 13 23 13 20 ,7,16,101,1.587596,15.070587,0.355621,14.714965,0.000000,1912334,0.008483
19 ,7,16,101,1.587596,1.586181,0.045776,1.540435,0.000000,1912536,0.004089
19 25 16 26 21 11 15 19 21 14 23 13 25 26 22 22 21 ,7,16,101,1.587596,27.140899,0.601959,26.538970,0.000000,1915263,0.007751
26 ,7,16,101,1.587596,0.984619,0.024414,0.960235,0.000000,1915364,0.005554
14 12 17 13 12 17 21 11 14 23 13 23 22 22 13 12 15 16 26 22 22 21 17 18 24 ,7,16,101,1.587596,39.679962,0.918212,38.761779,0.000000,1919404,0.004302
23 18 24 15 16 16 26 21 17 13 25 24 15 16 26 18 26 24 17 18 26 22 22 18 19 23 21 17 22 13 11 17 13 12 ,7,16,101,1.587596,54.219207,1.210113,53.009094,0.000000,1924858,0.003906
14 23 22 22 18 19 25 24 14 25 24 11 17 21 15 16 16 16 26 22 22 18 26 22 18 16 19 20 12 17 18 16 16 26 21 17 22 13 ,7,16,101,1.587596,60.711578,1.402191,59.309356,0.000000,1931019,0.003875
24 11 14 25 26 13 20 23 22 22 22 21 14 23 13 23 18 26 22 13 18 24 17 18 16 19 12 17 21 14 25 19 20 20 25 16 19 12 14 12 11 15 ,7,16,101,1.587596,66.609710,1.512390,65.097320,0.000000,1937685,0.008117
13 25 26 21 17 18 19 20 12 11 11 11 14 20 25 19 12 15 26 13 25 24 15 24 17 18 26 21 11 14 12 ,7,16,101,1.587596,49.431091,1.108398,48.322662,0.000000,1942634,0.003875
17 22 18 19 23 ,7,16,101,1.587596,7.906494,0.196289,7.710235,0.000000,1943442,0.008819
14 12 11 11 15 24 19 20 12 14 ,7,16,101,1.587596,15.136505,0.335113,14.801391,0.000000,1944957,0.007324
26 18 19 12 11 14 23 21 14 20 12 14 25 19 25 19 12 15 19 20 25 19 12 14 25 19 25 26 22 22 13 23 13 20 12 14 12 11 ,7,16,101,1.587596,59.750335,1.382263,58.368072,0.000000,1951018,0.014984
15 26 22 13 20 23 21 14 20 23 13 12 14 ,7,16,101,1.587596,19.797149,0.434448,19.362731,0.000000,1953037,0.004791
21 15 24 14 23 21 11 11 14 20 23 21 15 19 23 13 23 21 15 16 19 20 23 21 14 12 17 13 23 21 14 12 17 18 19 20 20 23 13 12 15 16 24 11 11 11 15 19 25 24 17 21 14 25 24 14 23 17 18 ,7,16,101,1.587596,94.462158,2.144714,92.317443,0.000000,1962531,0.003906
24 11 15 16 19 25 19 25 16 26 18 19 25 19 20 20 23 21 ,7,16,101,1.587596,28.140930,0.650604,27.490295,0.000000,1965359,0.004425
13 25 26 22 21 15 19 26 22 21 17 21 11 15 16 19 12 14 12 13 25 19 20 12 15 26 21 14 23 13 12 11 ,7,16,101,1.587596,50.117492,1.133758,48.983764,0.000000,1970409,0.004730
15 16 19 25 24 ,7,16,101,1.587596,6.804931,0.170257,6.634704,0.000000,1971116,0.005126
16 26 22 13 23 15 24 17 21 17 13 25 16 ,7,16,101,1.587596,20.117462,0.433593,19.683868,0.000000,1973136,0.008392
17 22 21 20 12 17 21 11 15 26 18 19 20 20 ,7,16,101,1.587596,22.101867,0.525024,21.576812,0.000000,1975358,0.007324
14 12 11 14 25 26 21 14 25 19 25 24 17 22 13 12 14 25 26 13 20 12 11 15 26 22 19 20 20 25 19 25 19 23 18 26 21 14 25 24 15 26 21 17 13 25 22 18 26 13 25 19 ,7,16,101,1.587596,81.914398,1.845397,80.068969,0.000000,1983640,0.008178
16 24 15 26 22 18 12 ,7,16,101,1.587596,9.719024,0.242431,9.476593,0.000000,1984650,0.009796
25 19 23 13 25 26 21 14 20 25 24 15 26 13 12 15 26 18 11 11 15 19 20 12 17 21 15 16 26 18 26 13 23 18 16 24 11 14 25 26 22 18 16 26 12 17 21 15 24 14 23 22 22 13 20 24 15 16 26 22 22 18 24 15 16 16 16 24 17 23 21 17 22 21 17 22 ,7,16,101,1.587596,121.336395,2.746215,118.590179,0.000000,1996871,0.003906
24 17 18 16 24 17 21 11 15 24 11 15 24 15 ,7,16,101,1.587596,21.642089,0.522796,21.119293,0.000000,1999093,0.003875
19 12 14 20 23 13 25 14 20 23 21 ,7,16,101,1.587596,17.368835,0.376831,16.992004,0.000000,2000911,0.003875
20 23 13 12 11 14 20 20 12 17 22 21 14 12 11 20 20 25 24 15 24 17 22 22 21 11 11 11 14 25 24 17 13 23 14 12 14 23 13 20 23 18 26 22 18 19 23 21 11 11 11 11 ,7,16,101,1.587596,82.711761,1.897552,80.814208,0.000000,2009193,0.003906
21 17 21 15 19 20 25 26 18 20 23 18 ,7,16,101,1.587596,18.016540,0.387573,17.628967,0.000000,2011011,0.003906
19 ,7,16,101,1.587596,0.390899,0.017150,0.373718,0.000000,2011112,0.008880
26 22 18 19 20 12 11 11 15 24 14 25 24 11 15 19 20 25 26 21 15 24 17 21 25 26 18 16 24 11 14 ,7,16,101,1.587596,49.094390,1.144348,47.950012,0.000000,2016061,0.003875
11 15 16 24 11 15 19 25 19 14 20 23 22 13 ,7,16,101,1.587596,21.415710,0.474029,20.941711,0.000000,2018283,0.003875
20 23 21 17 21 11 15 26 13 12 14 20 23 17 18 ,7,16,101,1.587596,23.539337,0.555389,22.983947,0.000000,2020707,0.004821
11 15 26 21 14 25 16 26 13 20 12 15 19 23 18 24 15 26 13 25 15 16 16 16 26 18 19 23 22 18 15 16 19 23 21 17 18 16 26 13 25 16 16 26 18 24 17 13 23 13 19 ,7,16,101,1.587596,81.062835,1.838409,79.224456,0.000000,2028888,0.007873
25 16 19 20 23 22 13 23 13 23 21 14 12 15 24 11 14 12 14 23 21 14 20 20 12 11 11 17 21 17 22 13 12 14 20 12 11 14 23 22 21 17 13 26 21 14 25 19 20 ,7,16,101,1.587596,78.117492,1.793090,76.324432,0.000000,2036766,0.009735
24 15 16 16 19 25 16 19 12 15 19 26 21 11 17 ,7,16,101,1.587596,22.515899,0.497894,22.018005,0.000000,2039089,0.006408
17 18 19 25 24 11 11 17 13 25 19 25 11 15 26 13 25 26 18 16 16 19 23 13 25 26 18 16 24 15 16 19 12 ,7,16,101,1.587596,52.656494,1.229583,51.426910,0.000000,2044442,0.008056
14 23 23 21 11 11 11 14 20 20 23 13 12 14 16 24 ,7,16,101,1.587596,25.281524,0.581878,24.699676,0.000000,2047068,0.006042
12 14 23 18 26 ,7,16,101,1.587596,7.484649,0.185119,7.299530,0.000000,2047876,0.004272
17 21 14 25 19 25 24 14 25 12 17 22 13 25 26 22 13 ,7,16,101,1.587596,26.867462,0.607177,26.260314,0.000000,2050603,0.007843
26 22 18 26 22 22 13 25 24 14 12 11 14 12 11 14 ,7,16,101,1.587596,25.289337,0.568267,24.721099,0.000000,2053229,0.005859
19 20 23 21 11 17 22 13 20 25 24 15 24 15 26 22 21 14 14 12 14 20 23 13 ,7,16,101,1.587596,37.453399,0.865478,36.587951,0.000000,2057067,0.008941
21 14 20 25 24 11 11 11 11 11 11 14 20 20 12 11 14 12 17 18 16 ,7,16,101,1.587596,32.617462,0.745117,31.872375,0.000000,2060400,0.007293
16 16 16 26 17 18 26 21 15 19 25 19 20 23 16 16 26 22 22 13 12 15 16 19 26 21 14 25 24 17 22 21 ,7,16,101,1.587596,50.804992,1.177520,49.627471,0.000000,2065551,0.005462
21 15 16 16 19 25 19 25 19 25 16 19 12 15 26 18 16 16 ,7,16,101,1.587596,28.633117,0.664581,27.968536,0.000000,2068480,0.004760
25 26 22 22 22 21 11 14 25 ,7,16,101,1.587596,13.851837,0.295898,13.555938,0.000000,2069894,0.005462
26 13 23 13 25 19 ,7,16,101,1.587596,9.562774,0.225769,9.337005,0.000000,2070904,0.007141
23 18 19 20 25 26 21 ,7,16,101,1.587596,10.383026,0.264892,10.118103,0.000000,2072015,0.006591
16 16 24 14 12 24 ,7,16,101,1.587596,8.228149,0.186462,8.041717,0.000000,2072924,0.003875
25 26 21 11 11 15 16 16 16 24 ,7,16,101,1.587596,15.984649,0.357788,15.626892,0.000000,2074540,0.006744
19 23 21 15 ,7,16,101,1.587596,4.984863,0.122985,4.861907,0.000000,2075045,0.003875
13 25 24 17 21 17 18 16 24 12 17 13 23 22 18 19 23 13 25 26 13 20 20 25 19 ,7,16,101,1.587596,38.554992,0.891235,37.663757,0.000000,2078984,0.004577
16 24 17 ,7,16,101,1.587596,4.367462,0.106506,4.260955,0.000000,2079489,0.009277
18 24 11 11 17 18 16 19 25 26 21 14 12 23 22 18 16 16 19 12 14 12 15 19 25 19 12 11 17 26 21 17 13 12 11 11 ,7,16,101,1.587596,56.344055,1.264190,55.079895,0.000000,2085145,0.004333
13 25 26 13 20 12 11 11 15 26 ,7,16,101,1.587596,14.923126,0.353118,14.570007,0.000000,2086660,0.003875
26 21 17 13 23 13 12 18 26 21 17 21 15 19 12 15 26 18 24 25 26 ,7,16,101,1.587596,32.078857,0.735748,31.343139,0.000000,2089892,0.003875
12 15 26 22 18 19 12 17 22 13 23 22 13 23 22 18 26 21 15 26 ,7,16,101,1.587596,31.945617,0.731475,31.214141,0.000000,2093124,0.003997
25 24 14 20 23 18 24 14 23 22 13 25 16 26 18 19 22 21 14 25 16 26 18 16 24 11 14 25 19 25 16 16 19 ,7,16,101,1.587596,52.445617,1.158447,51.287170,0.000000,2098376,0.007812
15 24 15 20 20 23 22 22 22 22 21 17 13 12 17 21 14 12 14 23 21 17 18 16 16 19 16 26 22 22 13 12 11 17 13 ,7,16,101,1.587596,55.328430,1.281097,54.047332,0.000000,2103931,0.005065
19 20 23 13 24 15 24 17 21 15 24 11 17 13 25 14 20 12 17 21 14 12 15 16 24 17 13 13 23 22 21 15 26 22 13 12 17 18 24 11 17 21 14 20 23 23 22 21 14 25 ,7,16,101,1.587596,79.703460,1.786346,77.917144,0.000000,2111910,0.004699
13 ,7,16,101,1.587596,0.235992,0.017517,0.218475,0.000000,2112011,0.003875
18 19 25 19 20 20 20 20 13 12 15 ,7,16,101,1.587596,17.179962,0.426330,16.753631,0.000000,2113829,0.010101
23 21 15 26 22 22 ,7,16,101,1.587596,9.429962,0.213989,9.215972,0.000000,2114839,0.003997
17 18 16 24 14 16 19 23 13 23 22 21 17 13 25 19 20 20 25 26 21 11 17 21 14 23 13 25 16 25 24 ,7,16,101,1.587596,48.789367,1.103668,47.685729,0.000000,2119788,0.006469
13 12 15 ,7,16,101,1.587596,4.203887,0.114501,4.089385,0.000000,2120293,0.003875
11 15 19 23 21 11 14 12 15 16 19 23 22 18 ,7,16,101,1.587596,21.744049,0.493438,21.250640,0.000000,2122515,0.003875
17 21 17 13 20 25 19 23 18 19 23 18 26 18 19 25 24 17 18 19 25 16 26 22 18 26 13 12 15 26 18 16 19 12 15 26 21 15 24 15 19 ,7,16,101,1.587596,64.930023,1.489288,63.440704,0.000000,2129080,0.009002
22 18 26 13 20 11 17 22 22 18 ,7,16,101,1.587596,14.812713,0.336914,14.475799,0.000000,2130595,0.007568
14 12 17 18 26 13 18 26 21 11 14 23 22 ,7,16,101,1.587596,19.883972,0.459045,19.424926,0.000000,2132615,0.003906
26 13 25 19 12 17 21 19 25 24 15 16 16 ,7,16,101,1.587596,20.508087,0.485107,20.023010,0.000000,2134736,0.004058
13 23 13 25 19 ,7,16,101,1.587596,7.484558,0.180664,7.303894,0.000000,2135544,0.010131
26 18 19 25 16 24 17 18 26 18 24 14 12 15 13 ,7,16,101,1.587596,22.687774,0.510650,22.177154,0.000000,2137867,0.006774
15 26 21 14 12 11 11 11 17 ,7,16,101,1.587596,13.922149,0.324737,13.597412,0.000000,2139281,0.007537
13 ,7,16,101,1.587596,1.321319,0.038543,1.282775,0.000000,2139483,0.003906
22 26 18 26 22 13 12 14 23 18 19 20 20 20 ,7,16,101,1.587596,22.265899,0.525360,21.740570,0.000000,2141806,0.003112
22 13 12 11 14 20 25 19 23 22 21 17 18 24 ,7,16,101,1.587596,21.992462,0.477783,21.514678,0.000000,2144028,0.006591
